79
196.967
19.3
10
280
7.5e-005 0.001 0 10
7.5e-005 0.0002 0 10
7.5e-005 0.000196066 0 9.84832
7.43091e-005 0.000193211 -0.237473 9.73375
7.36013e-005 0.000191855 -0.480911 9.67354
7.33764e-005 0.00019116 -0.313219 9.64468
7.33365e-005 0.000190845 -0.125903 9.63208
7.32367e-005 0.000190486 -0.271127 9.61729
7.25181e-005 0.000187366 -0.226384 9.49014
7.20806e-005 0.000185544 -0.23566 9.41496
7.1951e-005 0.000185174 -0.336621 9.39912
7.10829e-005 0.000183053 -0.388608 9.30652
7.07213e-005 0.000182444 -0.535561 9.27766
7.02776e-005 0.000181548 -0.459799 9.23685
6.94689e-005 0.000180232 -0.551049 9.1736
6.92735e-005 0.000179966 -0.633143 9.16001
6.76967e-005 0.000178305 -0.759337 9.06561
6.70922e-005 0.000177556 -0.678855 9.02562
6.63008e-005 0.000176115 -0.502246 8.9571
6.57059e-005 0.000174599 -0.37404 8.88884
6.5516e-005 0.000173206 -0.135524 8.82959
6.54449e-005 0.00017284 -0.191625 8.81378
6.54751e-005 0.000171799 0.0289397 8.76958
6.54757e-005 0.000171795 0.133561 8.76939
6.58022e-005 0.000170104 0.190834 8.69606
6.63229e-005 0.000168652 0.344287 8.62993
6.66432e-005 0.00016804 0.482088 8.60014
6.757e-005 0.000166428 0.521694 8.51975
6.76534e-005 0.00016633 0.70588 8.51415
6.76689e-005 0.000166317 0.900671 8.51329
6.75907e-005 0.000166165 -0.474661 8.50583
6.75541e-005 0.000166088 -0.443393 8.50211
6.75398e-005 0.000166062 -0.491135 8.5008
6.65554e-005 0.000163925 -0.431843 8.39824
6.64454e-005 0.000163539 -0.27745 8.38057
6.62098e-005 0.000163286 -0.749068 8.36531
6.39107e-005 0.000160496 -0.689204 8.20574
6.32372e-005 0.000159779 -0.754318 8.16169
6.13851e-005 0.000157411 -0.663788 8.02653
6.09291e-005 0.000156599 -0.511649 7.98413
6.09109e-005 0.000156559 -0.425543 7.98212
5.99291e-005 0.000154961 -0.550987 7.89637
5.95569e-005 0.000154171 -0.440071 7.85611
5.93305e-005 0.000153652 -0.41159 7.82992
5.92996e-005 0.000153562 -0.332428 7.82552
5.91248e-005 0.00015301 -0.306589 7.79866
5.90679e-005 0.000152866 -0.375353 7.79143
5.8677e-005 0.000151715 -0.327306 7.73483
5.85107e-005 0.000151201 -0.31302 7.70954
5.80193e-005 0.000149364 -0.261421 7.62033
5.65169e-005 0.000148386 -0.993757 7.53548
5.61122e-005 0.000147905 -0.699149 7.50547
5.43707e-005 0.000147167 -1.1699 7.41492
5.41247e-005 0.000147007 -0.994006 7.40074
5.05976e-005 0.000144853 -1.02265 7.20082
4.93925e-005 0.000144228 -1.09231 7.1338
4.92901e-005 0.000144072 -0.579693 7.1245
4.90827e-005 0.000143694 -0.502014 7.10305
4.90148e-005 0.000143517 -0.366797 7.09361
4.89363e-005 0.000143295 -0.339768 7.08185
4.82826e-005 0.000142243 -0.555925 7.01993
4.8254e-005 0.000142151 -0.30068 7.01508
4.78443e-005 0.000140953 -0.32951 6.95135
4.76915e-005 0.000140149 -0.187805 6.90987
4.75549e-005 0.000139754 -0.332841 6.88859
4.71081e-005 0.000138179 -0.276574 6.80509
4.65067e-005 0.000136363 -0.319689 6.70659
4.62862e-005 0.000135429 -0.23195 6.65666
4.62706e-005 0.000135301 -0.121622 6.64992
4.61854e-005 0.000133495 -0.0471188 6.55522
4.61996e-005 0.000133326 0.0838964 6.54624
4.63118e-005 0.000132798 0.209459 6.51765
4.61787e-005 0.00013264 -0.70149 6.50669
4.61804e-005 0.000132347 0.00576041 6.4911
4.6205e-005 0.00013188 0.0526944 6.46616
4.64893e-005 0.000131325 0.472727 6.43279
4.69367e-005 0.000130782 0.689933 6.39506
4.69755e-005 0.00013073 0.633954 6.39153
4.70014e-005 0.000130702 0.75254 6.38949
4.70296e-005 0.000130677 0.844104 6.38745
4.74096e-005 0.000130368 0.887981 6.36104
4.8742e-005 0.000129193 0.848204 6.26492
4.98507e-005 0.000127747 0.654076 6.16522
5.01809e-005 0.000127271 0.606972 6.13317
5.04763e-005 0.000126959 0.75694 6.10927
5.05147e-005 0.000126927 0.882809 6.10649
5.0775e-005 0.00012679 1.08461 6.09008
5.08352e-005 0.000126745 0.932103 6.08589
5.09482e-005 0.000126603 0.672514 6.07575
5.10515e-005 0.000126391 0.453278 6.06255
5.13477e-005 0.000125468 0.3107 6.00825
5.16198e-005 0.000124765 0.369054 5.9657
5.16907e-005 0.000123589 0.0602216 5.89889
5.16784e-005 0.000123096 -0.0249139 5.87069
5.1645e-005 0.000122347 -0.0446277 5.82768
5.16525e-005 0.000122135 0.0355304 5.81544
5.1666e-005 0.000122038 0.137917 5.80979
5.19466e-005 0.000120852 0.232262 5.7393
5.19697e-005 0.000119468 0.0166975 5.65857
5.19882e-005 0.000119318 0.122867 5.64968
5.19711e-005 0.000117409 -0.00893528 5.53704
5.20331e-005 0.000116984 0.144862 5.51133
5.20548e-005 0.000116909 0.283125 5.50666
5.21296e-005 0.000116439 0.157395 5.47801
5.2603e-005 0.000114683 0.263421 5.36831
5.29459e-005 0.000113663 0.324348 5.30243
5.30192e-005 0.000113459 0.344413 5.28903
5.29394e-005 0.000112194 -0.0629895 5.21063
5.33294e-005 0.000109936 0.170951 5.06725
5.352e-005 0.000109392 0.33706 5.03047
5.36888e-005 0.000109012 0.418452 5.00381
5.39357e-005 0.000109489 2.66389 4.96923
5.41207e-005 0.000109702 2.4274 4.95095
5.42939e-005 0.000109923 2.4752 4.93277
5.46434e-005 0.0001113 2.89301 4.84034
5.47453e-005 0.000111648 2.85745 4.81639
5.47502e-005 0.000111661 2.76621 4.81549
5.56857e-005 0.000113596 2.69139 4.67321
5.62639e-005 0.000114419 2.52912 4.6052
5.64178e-005 0.000114515 2.12497 4.59283
5.67723e-005 0.000114652 1.94031 4.56681
5.70267e-005 0.000114806 2.11592 4.54636
5.77936e-005 0.00011539 2.22103 4.47993
5.82782e-005 0.000115888 2.3698 4.43152
5.85862e-005 0.000116428 2.62348 4.38786
5.94164e-005 0.000117584 2.51877 4.28724
5.94863e-005 0.000117824 2.85869 4.26924
5.95228e-005 0.000118276 3.06104 4.23658
5.9533e-005 0.000118482 3.09211 4.22165
5.94844e-005 0.000118692 3.36878 4.20597
5.90214e-005 0.00012048 3.39491 4.07143
5.88393e-005 0.000121422 3.33261 3.99994
5.87398e-005 0.000122433 3.2397 3.9233
5.87863e-005 0.000123167 3.07825 3.86709
5.86946e-005 0.000124624 3.20449 3.75438
5.86799e-005 0.000125237 3.16558 3.70601
5.89899e-005 0.000126598 2.91753 3.59501
5.90444e-005 0.000127135 3.04057 3.55115
5.90515e-005 0.000127207 3.04275 3.54523
5.90451e-005 0.000127226 3.46704 3.54359
5.90312e-005 0.000127274 3.42037 3.53945
5.89282e-005 0.000127454 3.66107 3.52241
5.86732e-005 0.000127791 3.79057 3.48766
5.8638e-005 0.000127844 3.72484 3.48236
5.80307e-005 0.000128649 3.7881 3.39868
5.77668e-005 0.000129071 3.6996 3.35661
5.76797e-005 0.000129271 3.55203 3.33803
5.74554e-005 0.000129873 3.49839 3.28315
5.7438e-005 0.000129907 3.62406 3.27991
5.71416e-005 0.000130012 4.37205 3.25273
5.66266e-005 0.000129663 5.30733 3.19865
5.65921e-005 0.000129623 5.56729 3.19402
5.54199e-005 0.000128715 5.37148 3.0635
5.52298e-005 0.000128504 5.55001 3.03778
5.46595e-005 0.00012824 5.14574 2.98057
5.46313e-005 0.000128207 5.57444 2.97657
5.43802e-005 0.000127859 5.65913 2.93691
5.43071e-005 0.000127704 5.84066 2.92102
5.41727e-005 0.000127341 5.92866 2.88483
5.39894e-005 0.000127039 5.73779 2.85153
5.3915e-005 0.00012687 5.87016 2.83394
5.3692e-005 0.000126522 5.7127 2.79455
5.34804e-005 0.000126289 5.54562 2.76427
5.31874e-005 0.000126043 5.41137 2.72717
5.30701e-005 0.000125977 5.2245 2.71401
5.28833e-005 0.000125867 5.24389 2.69274
5.28707e-005 0.000125849 5.68415 2.69055
5.29917e-005 0.000125447 6.57607 2.64919
5.30623e-005 0.000125281 6.68414 2.63117
5.3065e-005 0.000125253 6.38041 2.62834
5.30852e-005 0.000124876 6.33671 2.59057
5.31841e-005 0.000124456 6.51405 2.54685
5.32236e-005 0.000124066 6.38431 2.50683
5.34927e-005 0.000122901 6.5102 2.38326
5.35193e-005 0.000122563 6.36168 2.34708
5.33843e-005 0.000120202 6.22604 2.0922
5.34019e-005 0.000120159 6.67214 2.08682
5.34022e-005 0.000120158 6.46464 2.08659
5.34924e-005 0.000119951 6.6957 2.06048
5.34941e-005 0.000119944 6.50857 2.05956
5.36766e-005 0.000119298 6.55846 1.98099
5.37478e-005 0.000119134 6.69329 1.95959
5.39247e-005 0.000119002 7.21156 1.93292
5.44117e-005 0.000118606 7.17208 1.85658
5.5254e-005 0.000118074 7.29015 1.73228
5.52655e-005 0.000118068 7.39643 1.73062
5.54654e-005 0.000117987 7.46944 1.70257
5.5589e-005 0.000117981 7.80272 1.68631
5.6191e-005 0.000117703 7.42183 1.59873
5.6194e-005 0.000117702 7.45104 1.5983
5.62554e-005 0.000117688 7.63334 1.58971
5.6753e-005 0.000117542 7.56886 1.51882
5.6782e-005 0.000117545 7.96213 1.51473
5.71625e-005 0.000117508 7.75665 1.46097
5.73462e-005 0.000117616 8.38531 1.4304
5.74593e-005 0.00011776 8.75815 1.40386
5.75682e-005 0.000117689 7.27636 1.38478
5.76535e-005 0.000117653 7.45946 1.37112
5.80028e-005 0.000117557 7.58412 1.31724
5.80955e-005 0.000117515 7.43076 1.30179
5.82594e-005 0.000117284 6.90107 1.25853
5.84182e-005 0.000117141 7.12057 1.22523
5.84291e-005 0.000117127 6.93703 1.22241
5.85128e-005 0.000117043 7.06403 1.20359
5.85509e-005 0.000116996 6.96827 1.19398
5.85509e-005 0.000116963 6.28138 1.18864
5.8551e-005 0.000116962 6.4665 1.18851
5.8685e-005 0.00011661 6.64675 1.12803
5.8793e-005 0.000116544 7.30974 1.10722
5.88146e-005 0.000116533 7.36672 1.10315
5.88394e-005 0.000116528 7.65516 1.09894
5.89763e-005 0.000116481 7.52698 1.07478
5.91299e-005 0.000116471 7.78557 1.04877
5.93889e-005 0.000116383 7.52537 1.00199
5.94728e-005 0.000116527 8.89919 0.97275
5.95082e-005 0.000116584 8.87031 0.960839
5.95256e-005 0.000116599 8.54855 0.956797
5.95438e-005 0.000116609 8.36965 0.953048
5.96923e-005 0.000116738 8.56771 0.917898
5.97275e-005 0.000116756 8.34122 0.910642
5.97341e-005 0.000116828 9.33297 0.897565
5.97283e-005 0.000116861 9.59914 0.891392
5.97237e-005 0.000116872 9.8235 0.889224
5.96762e-005 0.000116922 10.1797 0.876426
5.95628e-005 0.000116935 10.8816 0.855202
5.94948e-005 0.000116999 10.2395 0.837658
5.9384e-005 0.000117125 10.1455 0.805841
5.93388e-005 0.000117241 9.79618 0.781844
5.93241e-005 0.000117312 9.6313 0.76779
5.9342e-005 0.000117421 9.26197 0.746076
5.94495e-005 0.000117639 8.96643 0.697792
5.94834e-005 0.000117679 8.72453 0.687094
5.95853e-005 0.000117993 9.11045 0.619624
5.95823e-005 0.000118009 9.60399 0.616018
5.95817e-005 0.000118032 9.45159 0.611251
5.95818e-005 0.000118033 9.28277 0.611018
5.96109e-005 0.000118053 8.45681 0.603511
5.96147e-005 0.000118054 8.21276 0.602638
5.96162e-005 0.000118055 8.13755 0.602314
5.96251e-005 0.000118059 8.27107 0.600243
5.98831e-005 0.000118044 7.79794 0.545001
5.9939e-005 0.000118115 8.75658 0.525226
5.99873e-005 0.000118122 8.00543 0.51443
5.99926e-005 0.000118123 8.05997 0.513234
6.00169e-005 0.000118114 7.46552 0.507386
6.01221e-005 0.00011809 7.63295 0.483396
6.01942e-005 0.00011803 7.16164 0.462384
6.02835e-005 0.000117977 7.31899 0.438936
6.03087e-005 0.000118011 8.78404 0.429363
6.03218e-005 0.000118078 9.23295 0.413784
6.0353e-005 0.000118085 8.07728 0.406477
6.03434e-005 0.000118094 10.2856 0.403598
6.03426e-005 0.000118095 10.1152 0.403298
6.02951e-005 0.00011814 10.23 0.388264
6.02888e-005 0.000118141 10.9198 0.386839
6.02533e-005 0.000118187 10.0849 0.373633
6.02581e-005 0.000118208 9.20276 0.3686
6.02516e-005 0.000118221 9.91144 0.3654
6.02507e-005 0.000118223 9.73071 0.364757
6.02386e-005 0.000118296 9.58882 0.347994
6.02297e-005 0.000118303 10.3628 0.345498
6.02026e-005 0.00011833 10.2074 0.336861
6.01363e-005 0.000118367 10.4884 0.319849
6.00976e-005 0.000118353 11.3366 0.310768
6.00954e-005 0.000118353 11.1641 0.310291
6.00565e-005 0.000118377 10.4348 0.300239
6.00423e-005 0.000118352 12.0489 0.29402
6.00036e-005 0.000118326 11.5963 0.28395
6.00045e-005 0.000118324 13.0246 0.283494
6.00371e-005 0.00011828 13.2048 0.271982
6.00288e-005 0.000118274 11.6013 0.269898
6.00182e-005 0.000118268 11.4942 0.267429
6.00195e-005 0.000118288 9.35693 0.263475
5.99906e-005 0.000118439 9.6126 0.232392
5.99848e-005 0.000118465 9.65171 0.227753
5.99557e-005 0.000118492 10.2484 0.220855
5.99198e-005 0.000118487 11.1232 0.214808
5.98931e-005 0.00011846 11.7848 0.208761
5.98789e-005 0.000118462 10.9021 0.206596
5.98342e-005 0.000118478 10.6486 0.199521
293
7.505e-005 0.001 0 10
7.505e-005 0.0002 0 10
7.505e-005 0.000198019 0 9.92363
7.49801e-005 0.00019766 -0.192347 9.90944
7.4515e-005 0.000196548 -0.396075 9.86264
7.39281e-005 0.000195706 -0.60851 9.82264
7.36763e-005 0.000195326 -0.58532 9.80482
7.32759e-005 0.000194857 -0.707508 9.78071
7.30195e-005 0.000194628 -0.840834 9.76722
7.25574e-005 0.000194376 -1.07113 9.74656
7.06974e-005 0.000193068 -0.958068 9.65717
6.95027e-005 0.000192267 -0.980101 9.60021
6.80607e-005 0.00019136 -1.00917 9.53245
6.66566e-005 0.00019061 -1.08012 9.46879
6.27321e-005 0.000187897 -0.966035 9.27706
6.26641e-005 0.000187855 -1.01954 9.2738
6.26003e-005 0.000187813 -0.982547 9.27067
6.18672e-005 0.000187373 -1.03037 9.23576
6.10422e-005 0.000186919 -1.06811 9.19719
6.08603e-005 0.000186817 -1.05853 9.18862
5.96911e-005 0.000186332 -1.17771 9.13658
5.94701e-005 0.000186188 -0.992437 9.12568
5.89247e-005 0.0001859 -1.08485 9.10018
5.75913e-005 0.000185255 -1.12053 9.03884
5.57757e-005 0.000183983 -0.959472 8.94653
5.53857e-005 0.000183813 -1.16033 8.92869
5.31294e-005 0.000182814 -1.15406 8.82501
5.10326e-005 0.000182073 -1.23098 8.73073
5.09808e-005 0.000181977 -0.495466 8.72607
5.09036e-005 0.000179496 -0.031115 8.61995
5.09405e-005 0.000178484 0.0364121 8.57624
5.09136e-005 0.00017779 -0.038693 8.54614
5.09125e-005 0.000177777 -0.0889022 8.5456
5.06059e-005 0.000175621 -0.141275 8.45101
5.05743e-005 0.000174926 -0.0453273 8.42051
5.05046e-005 0.000174531 -0.175001 8.40291
5.02046e-005 0.00017367 -0.335126 8.3628
5.00601e-005 0.000172631 -0.138237 8.3165
5.00068e-005 0.000172411 -0.238009 8.30647
4.99083e-005 0.000171253 -0.0848693 8.2549
4.98764e-005 0.000170237 -0.0313166 8.20956
4.95458e-005 0.000169256 -0.32515 8.16323
4.93606e-005 0.000169099 -0.869001 8.15232
4.90844e-005 0.000168905 -0.957806 8.13713
4.88391e-005 0.000168706 -0.889927 8.1229
4.86823e-005 0.000168546 -0.773813 8.11278
4.79708e-005 0.000167684 -0.69028 8.06231
4.76636e-005 0.000167293 -0.665501 8.03973
4.7269e-005 0.000166582 -0.506751 8.00276
4.70247e-005 0.000166157 -0.521434 7.98038
4.7011e-005 0.000166109 -0.279886 7.97812
4.66394e-005 0.000165167 -0.375619 7.93178
4.52558e-005 0.000162731 -0.516534 7.80309
4.51055e-005 0.000162494 -0.565502 7.79005
4.51049e-005 0.000162493 -0.508551 7.78999
4.46393e-005 0.000161498 -0.437769 7.73885
4.43792e-005 0.000160618 -0.287472 7.69593
4.43609e-005 0.000160531 -0.206196 7.69173
4.43034e-005 0.000160128 -0.14175 7.67261
4.42932e-005 0.000160021 -0.095765 7.66755
4.41667e-005 0.000159248 -0.16214 7.63064
4.41115e-005 0.000159071 -0.302086 7.62186
4.38356e-005 0.000158405 -0.392477 7.58773
4.32738e-005 0.000157258 -0.455686 7.52711
4.3079e-005 0.000156983 -0.615172 7.51098
4.2461e-005 0.000156262 -0.708632 7.46555
4.20829e-005 0.000155743 -0.629953 7.4347
4.13633e-005 0.000154389 -0.488566 7.36079
4.13124e-005 0.000154282 -0.442119 7.35501
4.05799e-005 0.000153205 -0.597394 7.29171
4.02652e-005 0.000152902 -0.80514 7.27037
3.82786e-005 0.000150554 -0.702224 7.1196
3.7248e-005 0.000149302 -0.688343 7.03882
3.67722e-005 0.000148825 -0.784293 7.00499
3.50195e-005 0.000147159 -0.810872 6.88316
3.42606e-005 0.000146001 -0.580021 6.81247
3.32922e-005 0.000144598 -0.604361 6.72479
3.25292e-005 0.000143696 -0.701991 6.66343
3.24812e-005 0.000143634 -0.657368 6.65932
3.14902e-005 0.000142621 -0.774206 6.58517
3.09317e-005 0.000142119 -0.83873 6.54556
3.06356e-005 0.000141931 -1.00568 6.52699
3.01866e-005 0.000141531 -0.842615 6.49505
2.99371e-005 0.00014125 -0.727102 6.47505
2.82924e-005 0.000139839 -0.861646 6.35931
2.80341e-005 0.00013965 -0.938755 6.34198
2.73162e-005 0.000138933 -0.786303 6.28698
2.6691e-005 0.000138369 -0.836249 6.24101
2.56454e-005 0.000136823 -0.594835 6.13863
2.56798e-005 0.000136744 0.410525 6.13385
2.58181e-005 0.000136454 0.445206 6.116
2.59833e-005 0.000136261 0.707249 6.10184
2.61694e-005 0.000136048 0.717091 6.08604
2.62577e-005 0.000135698 0.247122 6.06587
2.64085e-005 0.000135409 0.481938 6.04764
2.65115e-005 0.000135071 0.29502 6.02776
2.6607e-005 0.000134919 0.561402 6.01767
2.69397e-005 0.000134437 0.604195 5.98466
2.75879e-005 0.000133303 0.51942 5.91078
2.85043e-005 0.0001321 0.650924 5.82443
2.86091e-005 0.000131937 0.572405 5.81326
2.91424e-005 0.000131223 0.641496 5.76177
3.04535e-005 0.000131318 1.64268 5.68531
3.22587e-005 0.00013174 1.80045 5.57643
3.28845e-005 0.000132054 2.03647 5.53472
3.30512e-005 0.000132168 2.16822 5.52264
3.32305e-005 0.000132308 2.23522 5.50898
3.32384e-005 0.000132317 2.42259 5.50826
3.43355e-005 0.00013339 2.34515 5.41603
3.44084e-005 0.000133437 2.14521 5.41075
3.44586e-005 0.000133483 2.30554 5.40663
3.51493e-005 0.000134129 2.32308 5.34902
3.6531e-005 0.000134985 2.12541 5.24925
3.71153e-005 0.000135391 2.17813 5.20497
3.78912e-005 0.000135995 2.23216 5.14343
3.979e-005 0.000137696 2.30123 4.98248
4.01661e-005 0.00013805 2.32564 4.94913
4.03108e-005 0.000138253 2.52235 4.93294
4.06716e-005 0.000138714 2.47757 4.89486
4.06972e-005 0.000138755 2.58633 4.89169
4.10295e-005 0.000139345 2.62909 4.84734
4.17575e-005 0.000140832 2.6862 4.73829
4.1813e-005 0.000141167 2.97762 4.71555
4.18013e-005 0.000141261 3.26533 4.7092
4.17913e-005 0.000141322 3.30447 4.70507
4.19457e-005 0.000142302 2.98547 4.63825
4.20204e-005 0.000142664 2.93783 4.61317
4.20203e-005 0.000142678 3.14618 4.61223
4.20269e-005 0.000142757 3.05956 4.60679
4.21237e-005 0.00014344 3.00076 4.55967
4.21236e-005 0.000143468 3.14581 4.55775
4.19497e-005 0.000143973 3.4733 4.52099
4.17405e-005 0.000144767 3.39904 4.46413
4.17394e-005 0.000145122 3.14469 4.43936
4.18784e-005 0.00014565 2.8842 4.40108
4.20709e-005 0.000146274 2.84269 4.35497
4.21067e-005 0.000146337 2.62315 4.34983
4.23879e-005 0.000146937 2.70327 4.3027
4.24111e-005 0.00014699 2.72464 4.29858
4.26913e-005 0.000147466 2.60999 4.25895
4.30857e-005 0.000147505 1.6701 4.23033
4.32036e-005 0.000147491 1.44866 4.22171
4.37345e-005 0.000147364 1.3359 4.18206
4.3775e-005 0.000147352 1.27977 4.17897
4.41587e-005 0.000147175 1.13988 4.14806
4.4324e-005 0.000147078 1.04039 4.13397
4.43677e-005 0.000146977 0.40661 4.12583
4.43757e-005 0.000146948 0.268143 4.12359
4.44367e-005 0.00014647 0.127062 4.08803
4.44882e-005 0.000146259 0.238825 4.07187
4.48077e-005 0.000145571 0.435107 4.01538
4.51819e-005 0.000144885 0.499048 3.95656
4.52592e-005 0.000144821 0.884661 3.94897
4.59097e-005 0.000144113 0.743041 3.87578
4.64328e-005 0.000143605 0.800234 3.81956
4.6591e-005 0.000143416 0.696895 3.80037
4.67818e-005 0.000143124 0.57811 3.77307
4.67892e-005 0.000143121 1.17433 3.77244
4.69893e-005 0.00014298 0.956212 3.75319
4.75184e-005 0.000142474 0.80796 3.69549
4.80688e-005 0.000142013 0.874073 3.63829
4.89349e-005 0.000141007 0.710843 3.53136
4.90388e-005 0.000140866 0.632172 3.51691
4.90536e-005 0.00014082 0.315888 3.51296
4.92265e-005 0.000140667 0.845851 3.49391
4.93269e-005 0.000140586 0.891228 3.48322
4.99803e-005 0.000139829 0.712398 3.40024
5.05922e-005 0.000139164 0.743756 3.32399
5.09286e-005 0.000138699 0.626467 3.27482
5.11661e-005 0.000138492 0.853334 3.24754
5.16968e-005 0.000137981 0.804339 3.18341
5.18322e-005 0.000137843 0.775684 3.16635
5.19237e-005 0.000137233 0.148839 3.11171
5.19377e-005 0.000137176 0.238718 3.10643
5.19639e-005 0.000136556 0.0423203 3.05078
5.19493e-005 0.000136505 -0.283238 3.046
5.17813e-005 0.000135423 -0.153949 2.94645
5.16871e-005 0.000133938 -0.0633424 2.80818
5.18925e-005 0.000133532 0.468583 2.76455
5.1953e-005 0.000133523 1.4211 2.75862
5.23342e-005 0.000133524 1.57372 2.72162
5.26382e-005 0.000133788 2.28641 2.68217
5.27729e-005 0.000133901 2.26529 2.66484
5.28018e-005 0.000133946 2.57308 2.65951
5.28005e-005 0.000133967 3.20082 2.65741
5.26147e-005 0.000134635 3.4129 2.58844
5.26155e-005 0.000134673 3.12172 2.58455
5.26776e-005 0.000135094 2.99519 2.54143
5.26818e-005 0.000135103 2.68939 2.54043
5.28166e-005 0.000135485 2.80259 2.49893
5.28811e-005 0.000135913 2.99204 2.45409
5.2872e-005 0.000136008 3.23763 2.44415
5.29238e-005 0.000136093 2.59416 2.4337
5.32578e-005 0.000136527 2.48527 2.37605
5.34032e-005 0.000136622 2.15381 2.35743
5.35097e-005 0.000136724 2.33018 2.34163
5.37306e-005 0.000136985 2.44062 2.30467
5.38261e-005 0.000137152 2.62219 2.28369
5.40661e-005 0.000137771 2.77172 2.21085
5.38512e-005 0.000137823 4.47688 2.18611
5.37635e-005 0.000137872 4.19967 2.17476
5.3753e-005 0.000137902 3.48035 2.17118
5.37066e-005 0.000138105 3.36646 2.14762
5.36696e-005 0.000138724 3.20119 2.07686
5.37803e-005 0.0001389 2.57921 2.05269
5.38072e-005 0.000138985 2.83418 2.04227
5.38855e-005 0.000139278 2.8808 2.00656
5.39996e-005 0.000139582 2.78218 1.96797
5.40552e-005 0.000140009 3.01206 1.91612
5.40474e-005 0.000140031 3.47446 1.91321
5.38335e-005 0.000140716 3.44433 1.82532
5.36877e-005 0.000141091 3.51297 1.77472
5.36746e-005 0.000141139 3.40972 1.76834
5.34318e-005 0.000141612 3.61571 1.70007
5.33449e-005 0.000141947 3.39485 1.65445
5.2921e-005 0.00014242 3.8725 1.56962
5.28891e-005 0.000142473 3.68147 1.56107
5.27829e-005 0.000142689 3.5996 1.52789
5.25999e-005 0.000142904 3.84619 1.48836
5.23641e-005 0.00014306 4.1296 1.44826
5.19333e-005 0.0001431 4.61905 1.38587
5.15535e-005 0.000143232 4.37767 1.32643
5.15173e-005 0.000143239 4.52741 1.32087
5.15087e-005 0.000143352 3.21803 1.30368
5.15092e-005 0.000143355 2.97891 1.30323
5.15068e-005 0.000143523 3.15542 1.27755
5.14045e-005 0.000143721 3.61745 1.24303
5.13929e-005 0.000143828 3.2503 1.22624
5.1358e-005 0.000144453 3.19733 1.12743
5.11961e-005 0.000144625 3.89522 1.0884
5.12043e-005 0.000145142 3.12566 1.00158
5.12201e-005 0.000145175 2.68657 0.995295
5.13898e-005 0.000145471 2.62195 0.935369
5.14199e-005 0.000145547 2.76206 0.92071
5.14347e-005 0.000145751 3.0689 0.883495
5.14815e-005 0.000145937 2.89568 0.847917
5.15239e-005 0.000146003 2.56933 0.833168
5.15244e-005 0.000146031 3.1215 0.827869
5.15411e-005 0.000146119 2.95599 0.810669
5.15529e-005 0.000146132 2.37501 0.807405
5.15656e-005 0.000146166 2.78743 0.80032
5.16413e-005 0.0001463 2.62734 0.770598
5.16425e-005 0.000146301 2.35255 0.770258
5.17035e-005 0.00014635 2.2489 0.754904
5.16459e-005 0.000146382 4.20729 0.741891
5.15697e-005 0.000146486 3.77476 0.716244
5.15513e-005 0.000146521 3.62195 0.708249
5.15137e-005 0.000146567 3.83312 0.696283
5.15178e-005 0.000146577 2.76257 0.693986
5.1625e-005 0.000146663 2.24393 0.666021
5.16699e-005 0.000146751 2.6723 0.645489
5.16697e-005 0.000146766 3.15553 0.642495
5.16742e-005 0.000146793 2.98013 0.636663
5.16303e-005 0.000146892 3.55898 0.613917
5.15961e-005 0.000146941 3.74906 0.601197
5.12549e-005 0.000147148 4.16704 0.515952
5.11628e-005 0.000147186 4.32537 0.493881
5.11528e-005 0.000147212 3.50341 0.487582
5.11672e-005 0.000147213 1.62839 0.484357
5.11981e-005 0.000147217 1.71157 0.477354
5.11953e-005 0.000147261 3.20654 0.467624
5.1192e-005 0.000147265 3.76109 0.466349
5.11512e-005 0.000147292 4.12285 0.455268
5.09973e-005 0.000147463 3.8745 0.403221
5.09924e-005 0.000147467 4.12324 0.401875
5.09564e-005 0.000147468 4.67084 0.393673
5.08121e-005 0.000147463 4.75043 0.360767
5.08079e-005 0.000147527 3.20776 0.346202
5.08115e-005 0.000147539 2.85369 0.343354
5.08206e-005 0.000147601 2.99556 0.329259
5.08122e-005 0.000147665 3.27167 0.314862
5.08137e-005 0.000147672 2.93605 0.313277
5.07868e-005 0.000147735 3.54319 0.298194
5.07873e-005 0.000147823 3.13638 0.279314
5.08062e-005 0.000147861 2.67953 0.270466
5.07487e-005 0.000147864 4.66235 0.258681
5.07732e-005 0.00014783 6.9188 0.250488
5.07732e-005 0.000147824 6.28054 0.249248
5.07905e-005 0.000147805 7.02478 0.244334
5.07979e-005 0.000147785 6.64067 0.240346
5.07968e-005 0.000147776 6.16978 0.238552
5.07937e-005 0.000147766 5.98118 0.236651
5.07853e-005 0.000147753 5.71793 0.233786
5.07665e-005 0.000147756 4.51107 0.230333
5.07626e-005 0.000147759 4.05309 0.229463
5.07585e-005 0.00014779 3.27635 0.224052
5.07427e-005 0.000147816 3.67843 0.218803
5.07027e-005 0.000147806 4.9602 0.212016
5.06742e-005 0.00014782 4.26044 0.207061
5.06482e-005 0.000147799 5.38988 0.202075
5.06419e-005 0.000147789 5.72706 0.200376
5.06412e-005 0.00014779 3.93929 0.200233
5.06404e-005 0.0001478 3.21929 0.198775
92
7.51e-005 0.001 0 10
7.51e-005 0.0002 0 10
7.51e-005 0.00019968 0 9.98765
7.46888e-005 0.000195617 -0.100874 9.83007
7.46862e-005 0.000195601 -0.156298 9.82942
7.44274e-005 0.000194721 -0.286152 9.79361
7.42493e-005 0.00019382 -0.195282 9.75764
7.36877e-005 0.000190632 -0.174341 9.63045
7.36901e-005 0.000190246 0.00626976 9.61516
7.36877e-005 0.000190067 -0.0130154 9.60805
7.36154e-005 0.000189266 -0.0899778 9.57606
7.3644e-005 0.00018917 0.290887 9.57208
7.37132e-005 0.000188979 0.348099 9.56399
7.37585e-005 0.000188883 0.438659 9.55974
7.40281e-005 0.000188198 0.374942 9.53037
7.43405e-005 0.000187537 0.441656 9.50115
7.45988e-005 0.000186797 0.335827 9.46972
7.41923e-005 0.00018519 -0.247838 9.40311
7.355e-005 0.000181429 -0.169099 9.24892
7.30838e-005 0.000180248 -0.376049 9.19698
7.29754e-005 0.000179328 -0.117305 9.15891
7.27171e-005 0.000178078 -0.203853 9.10633
7.22151e-005 0.000173602 -0.111679 8.91985
7.21217e-005 0.000173078 -0.176357 8.89746
7.22392e-005 0.000171686 0.0842646 8.83864
7.2227e-005 0.00017149 -0.0619144 8.83031
7.21325e-005 0.000170778 -0.131911 8.79987
7.18089e-005 0.000169222 -0.205081 8.73235
7.16219e-005 0.000168516 -0.258939 8.70115
7.162e-005 0.000168511 -0.336306 8.70091
7.12875e-005 0.000167681 -0.381064 8.66259
7.10447e-005 0.000167231 -0.494552 8.6406
7.06916e-005 0.000166754 -0.6371 8.61504
7.02092e-005 0.000166254 -0.767517 8.58504
6.99075e-005 0.000165945 -0.774769 8.56637
6.90242e-005 0.000165099 -0.806434 8.51332
6.8572e-005 0.000165711 -2.5059 8.48014
6.77814e-005 0.000166717 -2.47515 8.42428
6.77524e-005 0.000166752 -2.45111 8.42227
6.66751e-005 0.00016904 -2.70154 8.31122
6.6309e-005 0.000169481 -2.44909 8.28579
6.55946e-005 0.000170201 -2.36016 8.24069
6.51336e-005 0.000170712 -2.4074 8.20998
6.4807e-005 0.00017096 -2.22017 8.19162
6.44453e-005 0.000171207 -2.17009 8.17198
6.39352e-005 0.000172164 -2.65195 8.12326
6.37947e-005 0.00017245 -2.68447 8.1089
6.33249e-005 0.00017353 -2.73119 8.05569
6.26392e-005 0.000174608 -2.5753 7.99766
6.24395e-005 0.00017487 -2.49008 7.98263
6.13371e-005 0.00017601 -2.37277 7.91014
5.94434e-005 0.000176911 -2.01521 7.81359
5.85953e-005 0.000177393 -2.08732 7.76829
5.78535e-005 0.000177881 -2.15217 7.72687
5.65961e-005 0.000178534 -2.05016 7.66049
5.58727e-005 0.000178803 -1.92698 7.62409
5.5698e-005 0.000178889 -2.02532 7.61489
5.55048e-005 0.000178954 -1.89799 7.60523
5.55009e-005 0.000178956 -2.06904 7.60502
5.42724e-005 0.000180081 -2.31189 7.52608
5.37657e-005 0.000180639 -2.40486 7.49005
5.36541e-005 0.000180773 -2.44488 7.48171
5.35616e-005 0.000180939 -2.63351 7.47259
5.28784e-005 0.000181828 -2.48684 7.41871
5.27999e-005 0.000181922 -2.44349 7.41281
5.15874e-005 0.000183715 -2.5471 7.30821
5.10961e-005 0.000184533 -2.6002 7.26165
5.08155e-005 0.000184916 -2.50971 7.23834
5.06225e-005 0.00018524 -2.60452 7.21979
5.04296e-005 0.000185448 -2.39331 7.20582
4.97163e-005 0.000185884 -2.12 7.16455
4.94356e-005 0.000186018 -2.01436 7.14915
4.84297e-005 0.000186568 -2.07133 7.09224
4.71225e-005 0.000187421 -2.14919 7.01429
4.56836e-005 0.000188826 -2.34426 6.91305
4.5396e-005 0.000189168 -2.44127 6.89034
4.48806e-005 0.000189934 -2.54972 6.84322
4.39303e-005 0.000191419 -2.57214 6.75285
4.32583e-005 0.000192823 -2.69543 6.67222
4.30791e-005 0.000193299 -2.78135 6.64566
4.28749e-005 0.000193641 -2.60246 6.62482
4.23101e-005 0.000194501 -2.56061 6.57078
4.22102e-005 0.000194593 -2.3174 6.56359
4.20122e-005 0.000194833 -2.45156 6.54715
4.11702e-005 0.000196164 -2.57751 6.46372
4.10833e-005 0.000196256 -2.38497 6.45695
4.08261e-005 0.000196704 -2.62045 6.42931
4.03874e-005 0.000197408 -2.58399 6.3848
3.96399e-005 0.00019881 -2.65197 6.29904
3.94282e-005 0.000199242 -2.68596 6.27281
3.93281e-005 0.000199955 -3.00219 6.23345
-9.44968e-005 0.001 -3.00219 6.23345
288
7.515e-005 0.001 0 10
7.515e-005 0.0002 0 10
7.515e-005 0.000195537 0 9.82793
7.50974e-005 0.000194442 -0.0479554 9.7851
7.51509e-005 0.000193319 0.047561 9.74102
7.51829e-005 0.000193112 0.153357 9.73279
7.52181e-005 0.000191581 0.0230072 9.67253
7.52136e-005 0.000191536 -0.100348 9.67074
7.48212e-005 0.000189522 -0.192367 9.58957
7.47649e-005 0.000189136 -0.145 9.57406
7.45916e-005 0.000188311 -0.206863 9.54044
7.35781e-005 0.000184035 -0.232776 9.36486
7.3414e-005 0.000183224 -0.199427 9.3313
7.33601e-005 0.000182906 -0.167909 9.31819
7.30709e-005 0.000181628 -0.222641 9.26489
7.3025e-005 0.000181402 -0.200141 9.25547
7.29372e-005 0.000180357 -0.0838064 9.21257
7.23661e-005 0.000177637 -0.206976 9.09854
7.23704e-005 0.00017719 0.00967028 9.08002
7.23619e-005 0.000177028 -0.0528234 9.07327
7.22691e-005 0.000176438 -0.156009 9.0485
7.32784e-005 0.000174213 0.425773 8.94684
7.35485e-005 0.000173688 0.475134 8.92207
7.37185e-005 0.00017285 0.200149 8.88613
7.37459e-005 0.000172292 0.0490213 8.86257
7.37764e-005 0.000171922 0.0824882 8.8469
7.38683e-005 0.000171045 0.104319 8.80957
7.39628e-005 0.000170566 0.194741 8.78884
7.42852e-005 0.000169543 0.305314 8.74324
7.49437e-005 0.000167032 0.256509 8.63242
7.52079e-005 0.000166279 0.337537 8.59803
7.53333e-005 0.000165629 0.190553 8.56941
7.5883e-005 0.000163882 0.304782 8.49001
7.61088e-005 0.000162713 0.19081 8.43804
7.61119e-005 0.00016268 0.0953956 8.43661
7.62671e-005 0.000161769 0.168515 8.39605
7.62852e-005 0.000161516 0.0716303 8.38489
7.63342e-005 0.000159875 0.0298427 8.31257
7.64649e-005 0.000158628 0.104444 8.25697
7.67327e-005 0.00015715 0.179217 8.19
7.67535e-005 0.000157138 1.04834 8.18893
7.72427e-005 0.000156736 0.883321 8.16054
7.72511e-005 0.000156727 0.748873 8.15998
7.87654e-005 0.000155231 0.791384 8.06425
7.99983e-005 0.000154301 0.924438 7.99417
8.1053e-005 0.000154183 1.45964 7.94571
8.30743e-005 0.000153898 1.43099 7.85207
8.36048e-005 0.000153895 1.56402 7.82751
8.41427e-005 0.000153989 1.74363 7.80218
8.55296e-005 0.000154144 1.68237 7.73728
8.698e-005 0.000153931 1.42487 7.66867
8.73019e-005 0.000153902 1.48237 7.65345
8.7493e-005 0.000153796 1.06169 7.64312
8.81272e-005 0.000153313 0.920226 7.60548
8.83314e-005 0.000153164 0.941791 7.59351
8.89906e-005 0.000152735 0.993066 7.55617
8.9275e-005 0.000152322 0.603311 7.53229
8.96818e-005 0.000151912 0.78149 7.50472
8.97688e-005 0.000151808 0.697599 7.49823
8.9828e-005 0.000151715 0.567768 7.49295
8.98865e-005 0.000151585 0.421131 7.4861
8.9946e-005 0.000151307 0.21124 7.47249
8.99686e-005 0.000151133 0.128905 7.46403
9.01197e-005 0.000147236 0.0387533 7.27658
9.01461e-005 0.000145964 0.0207339 7.21424
9.01256e-005 0.000145148 -0.0250735 7.17398
8.99676e-005 0.000144139 -0.155467 7.12346
8.9675e-005 0.000143636 -0.526534 7.09448
8.93822e-005 0.000143054 -0.466279 7.06196
8.92339e-005 0.000142896 -0.752626 7.0511
8.92065e-005 0.000142864 -0.716839 7.04901
8.83371e-005 0.000141402 -0.536312 6.96367
8.83125e-005 0.000141368 -0.630022 6.96155
8.82307e-005 0.000141254 -0.621776 6.95444
8.81692e-005 0.000141156 -0.559269 6.94857
8.79651e-005 0.000140794 -0.513655 6.92751
8.70732e-005 0.000139409 -0.572092 6.84381
8.70082e-005 0.000139318 -0.623758 6.8381
8.60011e-005 0.000138151 -0.711962 6.75902
8.3592e-005 0.000135967 -0.834318 6.59077
8.15025e-005 0.000135571 -1.38348 6.47866
8.13719e-005 0.000135541 -1.34704 6.47151
8.11493e-005 0.000135341 -0.838458 6.45552
7.81655e-005 0.000134007 -1.15041 6.28058
7.78003e-005 0.000133883 -1.24314 6.25952
7.69141e-005 0.000133679 -1.34397 6.20972
7.60097e-005 0.000133409 -1.28047 6.15774
7.58231e-005 0.000133248 -0.861162 6.14411
7.56586e-005 0.000133136 -0.971074 6.13305
7.55429e-005 0.000132954 -0.567472 6.12109
7.54661e-005 0.000132764 -0.383878 6.10968
7.53504e-005 0.000132411 -0.316264 6.08895
7.51637e-005 0.000132353 -1.27163 6.07803
7.4584e-005 0.000130793 -0.35589 5.98495
7.43416e-005 0.000130533 -0.748937 5.96481
7.38087e-005 0.000129646 -0.541228 5.90615
7.27619e-005 0.000126882 -0.362047 5.73731
7.24708e-005 0.000126392 -0.535502 5.70403
7.15276e-005 0.000125264 -0.696675 5.6179
7.0973e-005 0.000124426 -0.584345 5.55835
7.09859e-005 0.00012425 0.073409 5.54785
7.10883e-005 0.000123778 0.21353 5.51897
7.12853e-005 0.000123419 0.501839 5.4944
7.19458e-005 0.000122589 0.672138 5.43054
7.20841e-005 0.000122428 0.708479 5.41763
7.27997e-005 0.000120545 0.363309 5.29515
7.30531e-005 0.000118981 0.1605 5.19713
7.24629e-005 0.000118098 -0.589601 5.13061
7.17046e-005 0.000117262 -0.736777 5.05922
7.16766e-005 0.000117198 -0.407537 5.05472
7.14469e-005 0.000116788 -0.511461 5.02471
7.10485e-005 0.000115845 -0.399359 4.95894
7.10475e-005 0.000115835 -0.114913 4.95833
7.10955e-005 0.000115063 0.0621359 4.90815
7.11689e-005 0.00011483 0.305998 4.89225
7.13022e-005 0.000114262 0.230272 4.85403
7.11839e-005 0.000113383 -0.133781 4.79566
7.11129e-005 0.000113115 -0.259301 4.77728
7.11482e-005 0.000112923 0.181973 4.7643
7.12051e-005 0.000112694 0.243683 4.74856
7.13046e-005 0.000112198 0.197926 4.71475
7.14682e-005 0.000111757 0.354826 4.68312
7.20925e-005 0.000110585 0.489332 4.59344
7.29475e-005 0.000109251 0.570194 4.48502
7.31736e-005 0.000108767 0.436786 4.44782
7.33899e-005 0.000107878 0.238619 4.38375
7.35063e-005 0.00010768 0.532132 4.36751
7.36444e-005 0.000107436 0.51449 4.34761
7.37447e-005 0.000107287 0.592538 4.33483
7.49909e-005 0.000105734 0.676286 4.19286
7.51562e-005 0.000105408 0.469151 4.16616
7.54015e-005 0.000104718 0.341378 4.11245
7.54595e-005 0.000104599 0.456156 4.1027
7.5658e-005 0.000103741 0.227382 4.03744
7.56904e-005 0.000103695 0.605939 4.03318
7.58113e-005 0.000103464 0.482647 4.01363
7.62194e-005 0.000102802 0.55271 3.95513
7.62362e-005 0.000102766 0.43004 3.95206
7.63063e-005 0.000102536 0.295591 3.93377
7.63376e-005 0.000102354 0.170531 3.91968
7.6358e-005 0.000102332 0.754337 3.9174
7.64008e-005 0.000102247 0.468309 3.91013
7.65302e-005 0.000102068 0.624958 3.89318
7.66051e-005 0.000101982 0.719973 3.88446
7.67431e-005 0.000101833 0.745736 3.8688
7.72016e-005 0.000101502 0.94518 3.82513
7.73181e-005 0.000101463 1.24793 3.81557
7.75763e-005 0.00010135 1.15928 3.79361
7.77172e-005 0.000101189 0.718469 3.77686
7.81451e-005 0.000100479 0.542339 3.71176
7.85088e-005 9.96154e-005 0.398594 3.63732
7.86673e-005 9.9027e-005 0.263171 3.58823
7.91294e-005 9.80603e-005 0.445902 3.50109
7.98383e-005 9.73951e-005 0.817197 3.42068
7.98816e-005 9.73574e-005 0.855142 3.41586
7.99993e-005 9.72243e-005 0.724014 3.40092
8.01045e-005 9.71518e-005 0.966869 3.39014
8.01494e-005 9.71091e-005 0.81048 3.3849
8.0563e-005 9.6772e-005 0.886944 3.33974
8.09442e-005 9.58664e-005 0.398457 3.25582
8.0966e-005 9.57933e-005 0.289483 3.24919
8.11584e-005 9.4888e-005 0.209462 3.16865
8.11637e-005 9.46544e-005 0.0226629 3.14797
8.12102e-005 9.42629e-005 0.118327 3.11292
8.11211e-005 9.38551e-005 -0.215321 3.07553
8.10427e-005 9.36519e-005 -0.36816 3.05587
8.0998e-005 9.32424e-005 -0.108721 3.01851
8.0686e-005 9.24785e-005 -0.387705 2.94306
8.06205e-005 9.22925e-005 -0.338518 2.92472
8.05262e-005 9.21734e-005 -0.669895 2.91053
8.04019e-005 9.19154e-005 -0.448918 2.8837
7.99487e-005 9.11714e-005 -0.547116 2.80159
7.99319e-005 9.11402e-005 -0.49457 2.79818
7.91211e-005 8.89728e-005 -0.357944 2.57566
7.90734e-005 8.88956e-005 -0.553919 2.56644
7.8882e-005 8.8368e-005 -0.347988 2.50933
7.88559e-005 8.82665e-005 -0.251234 2.49851
7.91848e-005 8.7595e-005 0.455447 2.42109
7.92581e-005 8.74804e-005 0.569287 2.40671
7.93212e-005 8.72395e-005 0.256034 2.38029
7.93867e-005 8.70962e-005 0.428683 2.36347
7.94307e-005 8.69663e-005 0.326392 2.34874
7.94823e-005 8.63957e-005 0.0902614 2.28701
7.93895e-005 8.58332e-005 -0.163466 2.22454
7.93206e-005 8.57094e-005 -0.507963 2.20873
7.9233e-005 8.58001e-005 -2.37431 2.1946
7.88803e-005 8.63039e-005 -2.53075 2.12542
7.88744e-005 8.63101e-005 -2.37704 2.12444
7.87844e-005 8.63629e-005 -2.1012 2.11247
7.87699e-005 8.63788e-005 -2.4024 2.10998
7.86258e-005 8.65999e-005 -2.56408 2.07956
7.84653e-005 8.67534e-005 -2.33382 2.05372
7.81887e-005 8.7205e-005 -2.59194 1.99164
7.74973e-005 8.75064e-005 -1.98194 1.90152
7.7433e-005 8.76818e-005 -2.78999 1.87855
7.74008e-005 8.78018e-005 -2.88015 1.86316
7.7048e-005 8.74783e-005 -0.828802 1.80358
7.69027e-005 8.72519e-005 -0.570474 1.76943
7.68653e-005 8.72052e-005 -0.676266 1.76176
7.67581e-005 8.69042e-005 -0.342054 1.72063
7.66885e-005 8.66681e-005 -0.286587 1.6885
7.66748e-005 8.66397e-005 -0.449696 1.68433
7.66444e-005 8.6555e-005 -0.344537 1.67244
7.66094e-005 8.64352e-005 -0.284195 1.65588
7.65732e-005 8.61728e-005 -0.137241 1.62051
7.65914e-005 8.60955e-005 0.232232 1.60976
7.65965e-005 8.59433e-005 0.0330128 1.58908
7.66186e-005 8.57359e-005 0.106577 1.56056
7.66261e-005 8.52386e-005 0.0150115 1.49183
7.65612e-005 8.49537e-005 -0.223999 1.45039
7.656e-005 8.49421e-005 -0.105076 1.44871
7.64332e-005 8.45383e-005 -0.304092 1.38769
7.64016e-005 8.44648e-005 -0.407203 1.37588
7.63879e-005 8.43764e-005 -0.153217 1.3626
7.63824e-005 8.43586e-005 -0.304201 1.35982
7.63624e-005 8.42741e-005 -0.231546 1.34684
7.63593e-005 8.38003e-005 -0.00652614 1.27572
7.63209e-005 8.36251e-005 -0.215741 1.24799
7.63108e-005 8.36024e-005 -0.419071 1.2441
7.62728e-005 8.35685e-005 -0.842367 1.23611
7.62751e-005 8.35343e-005 0.0671433 1.23073
7.62503e-005 8.31051e-005 -0.0576433 1.16297
7.62246e-005 8.29394e-005 -0.154 1.13575
7.62261e-005 8.2929e-005 0.146644 1.13402
7.61925e-005 8.28818e-005 -0.618905 1.1245
7.62282e-005 8.28315e-005 0.617199 1.11432
7.63171e-005 8.27353e-005 0.746295 1.09258
7.6528e-005 8.2398e-005 0.558645 1.02593
7.65762e-005 8.23437e-005 0.72625 1.01339
7.65793e-005 8.23364e-005 0.407474 1.012
7.65914e-005 8.22682e-005 0.174991 0.999946
7.68107e-005 8.20659e-005 0.825697 0.947734
7.69216e-005 8.18808e-005 0.539771 0.909031
7.69776e-005 8.18363e-005 0.90006 0.895939
7.71209e-005 8.1836e-005 1.56844 0.869574
7.72247e-005 8.18618e-005 1.8147 0.849617
7.74741e-005 8.20038e-005 2.08829 0.795547
7.74745e-005 8.20039e-005 1.72962 0.795479
7.74794e-005 8.20031e-005 1.40573 0.794514
7.748e-005 8.20029e-005 1.3007 0.794383
7.74862e-005 8.20032e-005 1.62075 0.793194
7.75265e-005 8.20202e-005 1.96924 0.784705
7.76217e-005 8.20346e-005 1.72067 0.765951
7.76394e-005 8.20139e-005 0.708082 0.760599
7.78034e-005 8.18484e-005 0.780901 0.714678
7.78449e-005 8.18203e-005 0.975149 0.704572
7.80757e-005 8.17999e-005 1.48231 0.657561
7.81133e-005 8.17836e-005 1.16391 0.649047
7.81218e-005 8.1775e-005 0.778646 0.646505
7.81303e-005 8.17727e-005 1.30458 0.644668
7.82583e-005 8.17992e-005 1.77529 0.617343
7.82578e-005 8.17817e-005 -0.0276063 0.613642
7.82346e-005 8.17352e-005 -0.461922 0.602606
7.82339e-005 8.17262e-005 -0.0820687 0.600682
7.8174e-005 8.15298e-005 -0.295999 0.556803
7.81429e-005 8.15116e-005 -1.04005 0.54895
7.81274e-005 8.1519e-005 -2.01383 0.54518
7.79617e-005 8.15706e-005 -1.87285 0.507143
7.7927e-005 8.15674e-005 -1.47905 0.499382
7.78047e-005 8.16972e-005 -2.38601 0.45959
7.78021e-005 8.17041e-005 -2.78543 0.457915
7.77992e-005 8.17073e-005 -2.39784 0.456948
7.77979e-005 8.17254e-005 -3.07027 0.452835
7.78e-005 8.17689e-005 -3.18945 0.442983
7.7878e-005 8.18425e-005 -3.95574 0.418643
7.7986e-005 8.19087e-005 -4.16233 0.389806
7.80239e-005 8.19241e-005 -4.32662 0.380489
7.81089e-005 8.20714e-005 -3.66503 0.341771
7.82335e-005 8.20645e-005 -4.76762 0.313727
7.83827e-005 8.20077e-005 -5.07635 0.278635
7.83866e-005 8.20078e-005 -4.69959 0.277832
7.84169e-005 8.19993e-005 -4.98582 0.271273
7.84259e-005 8.19986e-005 -4.79031 0.26942
7.84333e-005 8.19947e-005 -5.1906 0.267725
7.8446e-005 8.19941e-005 -4.76361 0.265135
7.84512e-005 8.20008e-005 -3.80379 0.263427
7.8546e-005 8.20012e-005 -4.70802 0.244352
7.85463e-005 8.20018e-005 -3.54556 0.244228
7.85461e-005 8.20057e-005 -3.08179 0.243478
7.85538e-005 8.20064e-005 -4.63179 0.24201
7.85506e-005 8.19942e-005 -6.54102 0.239662
7.85602e-005 8.19715e-005 -5.88497 0.23511
7.85505e-005 8.19322e-005 -6.52525 0.227777
7.85631e-005 8.18912e-005 -5.98405 0.2203
7.85631e-005 8.18909e-005 -6.36945 0.220253
7.85606e-005 8.18918e-005 -8.18727 0.219811
7.84893e-005 8.19054e-005 -8.04237 0.20779
7.84363e-005 8.18687e-005 -7.24858 0.198091
101
7.52e-005 0.001 0 10
7.52e-005 0.0002 0 10
7.52e-005 0.00019883 0 9.95491
7.53772e-005 0.000197295 0.11493 9.89513
7.53491e-005 0.000197145 -0.1845 9.88917
7.53763e-005 0.000196795 0.0776026 9.87554
7.57576e-005 0.000193492 0.114927 9.74609
7.6132e-005 0.000190679 0.132341 9.63453
7.61425e-005 0.0001905 0.0586269 9.62743
7.61189e-005 0.000190112 -0.0607832 9.61199
7.59625e-005 0.000188903 -0.128695 9.56357
7.59468e-005 0.00018882 -0.184964 9.56017
7.59975e-005 0.000187455 0.0371444 9.50567
7.61983e-005 0.000186111 0.148262 9.45123
7.63861e-005 0.00018526 0.217411 9.41617
7.63904e-005 0.000185187 0.0579754 9.41321
7.63362e-005 0.000184937 -0.213406 9.40288
7.6122e-005 0.000184303 -0.325829 9.37585
7.59837e-005 0.000184041 -0.485761 9.36385
7.55744e-005 0.000183216 -0.460607 9.32653
7.53794e-005 0.000182715 -0.370836 9.30465
7.4998e-005 0.000181987 -0.482371 9.27117
7.4539e-005 0.000181281 -0.576512 9.23678
7.41337e-005 0.00018033 -0.402996 9.19445
7.35191e-005 0.000178826 -0.388012 9.12769
7.35166e-005 0.000178819 -0.336252 9.12738
7.34112e-005 0.000178284 -0.194608 9.10485
7.34097e-005 0.000178272 -0.125165 9.10436
7.30326e-005 0.000177213 -0.341891 9.05779
7.28733e-005 0.000176611 -0.258722 9.03191
7.27041e-005 0.000174954 -0.10175 8.96253
7.27023e-005 0.000173723 -0.00144843 8.91096
7.21268e-005 0.00016838 -0.1073 8.68481
7.21202e-005 0.000168251 -0.0512692 8.67925
7.12397e-005 0.000166838 -0.557169 8.60777
7.09119e-005 0.000166162 -0.451968 8.57534
6.97034e-005 0.00016325 -0.393351 8.43875
6.96299e-005 0.000163158 -0.67095 8.43357
6.9541e-005 0.000163077 -0.831868 8.42829
6.93852e-005 0.000162957 -0.915734 8.41967
6.91009e-005 0.000162723 -0.882547 8.4035
6.85899e-005 0.000162248 -0.821663 8.37281
6.83129e-005 0.000161896 -0.666258 8.35304
6.8225e-005 0.000161673 -0.376568 8.34248
6.75296e-005 0.000161928 -1.92156 8.30973
6.70705e-005 0.00016252 -2.48223 8.27649
6.67774e-005 0.000162798 -2.32897 8.25853
6.68471e-005 0.000164278 -3.18866 8.19248
6.73981e-005 0.000169464 -3.24744 7.95864
6.75652e-005 0.000170069 -3.41098 7.92988
6.77474e-005 0.000171226 -3.29781 7.87607
6.82179e-005 0.000171947 -3.72023 7.83633
6.94041e-005 0.000173026 -3.97399 7.76199
7.00404e-005 0.000173803 -3.82812 7.71512
7.01249e-005 0.000173932 -3.7205 7.70787
7.03845e-005 0.000174242 -3.8388 7.6889
7.09453e-005 0.000175526 -3.55326 7.623
7.11645e-005 0.000175946 -3.62294 7.6006
7.13731e-005 0.000176595 -3.45263 7.56828
7.13887e-005 0.000176671 -3.34311 7.56456
7.13948e-005 0.00017671 -3.29822 7.56271
7.14656e-005 0.000177492 -3.23184 7.52531
7.0226e-005 0.00018091 -2.79366 7.35161
6.99714e-005 0.000182383 -2.97045 7.27892
6.99424e-005 0.000182485 -2.86517 7.27373
6.98089e-005 0.000182875 -2.81118 7.25356
6.92556e-005 0.000184114 -2.72165 7.18692
6.92404e-005 0.00018414 -2.62087 7.18541
6.89274e-005 0.000184556 -2.49633 7.15967
6.75924e-005 0.000186062 -2.41609 7.05991
6.79508e-005 0.000186704 -3.65067 7.02307
6.80782e-005 0.000186904 -3.70699 7.01111
6.82792e-005 0.000187477 -3.47929 6.98056
6.85135e-005 0.000187873 -3.67593 6.95732
6.92622e-005 0.000189294 -3.62635 6.87594
6.93225e-005 0.000189356 -3.91561 6.87154
6.96984e-005 0.000189805 -3.83894 6.84161
7.02761e-005 0.000190414 -3.90055 6.79857
7.08004e-005 0.000190868 -3.9987 6.76283
7.12348e-005 0.000191167 -4.10863 6.73554
7.18342e-005 0.000191664 -4.02032 6.69515
7.64433e-005 0.000192348 -4.56518 6.45237
7.68827e-005 0.000192365 -4.67315 6.42882
7.91983e-005 0.000192496 -4.65601 6.3043
8.20685e-005 0.00019289 -4.57583 6.14651
8.24e-005 0.00019291 -4.65133 6.12808
8.40454e-005 0.000193199 -4.53888 6.0352
8.74508e-005 0.000193644 -4.58223 5.84207
8.76397e-005 0.000193688 -4.48478 5.83091
8.92355e-005 0.000194201 -4.40132 5.73425
8.95995e-005 0.000194363 -4.2937 5.711
8.9843e-005 0.000194635 -3.87254 5.68965
9.06907e-005 0.000195881 -3.73885 5.60116
9.11381e-005 0.000196986 -3.52626 5.53038
9.11597e-005 0.000197027 -3.62858 5.52762
9.12352e-005 0.000197217 -3.51983 5.51536
9.1325e-005 0.000197376 -3.6559 5.5044
9.14909e-005 0.000197856 -3.47418 5.47385
9.18733e-005 0.000198584 -3.6256 5.42424
9.28616e-005 0.000199998 -3.75161 5.31942
0.000515825 0.001 -3.75161 5.31942
307
7.525e-005 0.001 0 10
7.525e-005 0.0002 0 10
7.525e-005 0.000197446 0 9.90152
7.53061e-005 0.0001967 0.075087 9.87247
7.49155e-005 0.000194887 -0.212177 9.80026
7.41354e-005 0.000192317 -0.294737 9.69511
7.36943e-005 0.00019111 -0.35019 9.64436
7.36347e-005 0.000190923 -0.310161 9.63661
7.3606e-005 0.000189893 -0.0278619 9.59573
7.33329e-005 0.000189793 -1.2196 9.58416
7.17996e-005 0.000189447 -1.34871 9.52157
6.96587e-005 0.000188703 -1.23664 9.43087
6.91085e-005 0.000188438 -1.12075 9.40623
6.91026e-005 0.000188435 -1.14836 9.40597
6.90421e-005 0.000188409 -1.16221 9.40331
6.8584e-005 0.000187648 -0.541953 9.36743
6.80588e-005 0.00018655 -0.446163 9.31811
6.79707e-005 0.000186337 -0.392729 9.30874
6.68333e-005 0.000184148 -0.479113 9.20829
6.65682e-005 0.000183747 -0.584498 9.18857
6.65324e-005 0.000183676 -0.465794 9.18529
6.54215e-005 0.000181995 -0.583999 9.10242
6.43527e-005 0.000179707 -0.436972 8.99783
6.39289e-005 0.000178672 -0.388722 8.95112
6.31387e-005 0.000177062 -0.456283 8.87591
6.30031e-005 0.000176729 -0.386825 8.86073
6.13713e-005 0.000172088 -0.338136 8.65283
6.13053e-005 0.000171931 -0.395634 8.64547
5.97869e-005 0.000170501 -0.815434 8.55567
5.97359e-005 0.000170459 -0.887585 8.55281
5.89227e-005 0.000170144 -1.20074 8.51495
5.80152e-005 0.000169604 -1.03403 8.46896
5.76796e-005 0.00016937 -0.962001 8.45107
5.64624e-005 0.00016835 -0.873286 8.38151
5.603e-005 0.000168108 -1.0617 8.35968
5.48553e-005 0.000167355 -1.00062 8.29806
5.44807e-005 0.000167053 -0.891989 8.27669
5.39505e-005 0.000166737 -1.03356 8.24923
5.31228e-005 0.000166101 -0.915549 8.20267
5.27975e-005 0.000165753 -0.751862 8.18133
5.24153e-005 0.000165442 -0.887571 8.15922
5.22051e-005 0.000165269 -0.881128 8.14696
5.17007e-005 0.00016483 -0.854737 8.11686
5.13467e-005 0.000164503 -0.826099 8.09512
5.12956e-005 0.000164434 -0.631753 8.0912
5.11338e-005 0.000164234 -0.680901 8.07957
5.06392e-005 0.000163672 -0.721664 8.04565
4.95011e-005 0.000162562 -0.798032 7.97341
4.93876e-005 0.000162484 -0.967596 7.96711
4.92429e-005 0.000162235 -0.526595 7.95393
4.88183e-005 0.000161408 -0.474536 7.91132
4.85862e-005 0.000160847 -0.392286 7.88338
4.85399e-005 0.000160767 -0.519938 7.87909
4.83966e-005 0.000160536 -0.555956 7.86655
4.8127e-005 0.000160072 -0.526342 7.84174
4.80616e-005 0.000159787 -0.225612 7.8282
4.80241e-005 0.000159676 -0.325623 7.82277
4.79594e-005 0.000159508 -0.367969 7.81441
4.793e-005 0.000159372 -0.212825 7.80795
4.79394e-005 0.000157886 0.00631317 7.73887
4.79191e-005 0.000157541 -0.0587567 7.72269
4.7894e-005 0.000157409 -0.187673 7.7164
4.77558e-005 0.000156272 -0.120958 7.66269
4.74292e-005 0.000155107 -0.273441 7.60567
4.74131e-005 0.000154952 -0.103603 7.5983
4.75134e-005 0.000154147 0.123922 7.55979
4.75288e-005 0.000154115 0.457053 7.55812
4.79185e-005 0.000153128 0.375912 7.50758
4.83597e-005 0.000150575 0.171106 7.38356
4.84269e-005 0.000150329 0.266701 7.3712
4.86807e-005 0.000149463 0.285209 7.32744
4.92567e-005 0.000148025 0.380921 7.25193
4.95555e-005 0.000147437 0.470265 7.21954
5.01815e-005 0.00014637 0.530416 7.15857
5.09043e-005 0.00014488 0.451683 7.07645
5.09073e-005 0.000144872 0.371686 7.07603
5.09624e-005 0.00014441 0.1186 7.05275
5.09501e-005 0.000143777 -0.0193513 7.02101
5.09856e-005 0.000143166 0.0579983 6.99024
5.1244e-005 0.000141794 0.186186 6.91977
5.14351e-005 0.000141156 0.290635 6.88588
5.21669e-005 0.000139308 0.377179 6.78447
5.32674e-005 0.000137262 0.493395 6.66458
5.32879e-005 0.000137228 0.546614 6.66251
5.37815e-005 0.000136594 0.661253 6.62048
5.38784e-005 0.000136456 0.612233 6.61161
5.39377e-005 0.000136355 0.531155 6.60546
5.41557e-005 0.000136082 0.674839 6.5871
5.45078e-005 0.000135575 0.606394 6.55451
5.48098e-005 0.000135351 0.932157 6.53461
5.49577e-005 0.000135261 1.02583 6.52543
5.51551e-005 0.000135168 1.13165 6.51385
5.57562e-005 0.000134797 1.01725 6.47628
5.60907e-005 0.000134606 1.05376 6.45573
5.69712e-005 0.000134815 1.80376 6.4073
5.71797e-005 0.00013493 2.07515 6.39448
5.72786e-005 0.000135006 2.22245 6.38778
5.79174e-005 0.000135506 2.23474 6.34402
5.79647e-005 0.000135534 2.10959 6.34104
5.90823e-005 0.000136279 2.15878 6.2682
5.94606e-005 0.000136545 2.18325 6.24291
6.00965e-005 0.000136894 2.07311 6.20311
6.19316e-005 0.000137696 1.98266 6.09274
6.19458e-005 0.00013768 0.735217 6.09155
6.19886e-005 0.000137644 0.870951 6.08843
6.21341e-005 0.000137466 0.686044 6.0756
6.21395e-005 0.000137462 0.914164 6.07521
6.24161e-005 0.000137331 1.12923 6.0581
6.39496e-005 0.000136445 1.04659 5.95876
6.4017e-005 0.000136418 1.19716 5.95466
6.54394e-005 0.000135828 1.17761 5.86721
6.56464e-005 0.000135735 1.14811 5.85418
6.57256e-005 0.000135682 0.982103 5.8487
6.6306e-005 0.000135281 0.965682 5.8081
6.64593e-005 0.000135132 0.800235 5.79575
7.0741e-005 0.00013308 1.1239 5.52077
7.22551e-005 0.000131824 0.878421 5.40275
7.47157e-005 0.000129383 0.789386 5.19153
7.52844e-005 0.000128723 0.710869 5.13687
7.53044e-005 0.000128695 0.623221 5.13471
7.59283e-005 0.000128282 0.986482 5.08742
7.64627e-005 0.00012798 1.05621 5.04835
7.64773e-005 0.00012797 0.97102 5.04723
7.82636e-005 0.00012709 1.11295 4.91977
7.82643e-005 0.00012709 0.88563 4.91972
7.85716e-005 0.000126774 0.772464 4.89102
7.87651e-005 0.000126658 1.02976 4.87624
7.88105e-005 0.000126637 1.14045 4.87296
7.93044e-005 0.00012646 1.22558 4.83852
7.9422e-005 0.000126396 1.07587 4.8297
7.94484e-005 0.00012638 1.02187 4.82766
7.9726e-005 0.000126195 0.983455 4.80563
7.99761e-005 0.000125895 0.694683 4.77973
8.06878e-005 0.000124908 0.624603 4.69875
8.11269e-005 0.000124412 0.725267 4.65417
8.15776e-005 0.000123733 0.585495 4.59886
8.16586e-005 0.000123626 0.648015 4.58968
8.19866e-005 0.000122927 0.439151 4.53685
8.21427e-005 0.000122565 0.407064 4.50962
8.22781e-005 0.000121938 0.212697 4.46514
8.27877e-005 0.000121647 1.0511 4.42414
8.28555e-005 0.000121601 0.976352 4.41839
8.30835e-005 0.000121488 1.10945 4.40047
8.31479e-005 0.000121435 0.890379 4.39463
8.32098e-005 0.000121334 0.547959 4.38623
8.33759e-005 0.000121136 0.698099 4.36796
8.35215e-005 0.000120988 0.775453 4.35321
8.47485e-005 0.000120019 0.902623 4.24208
8.58083e-005 0.000119257 0.947228 4.14756
8.72842e-005 0.000118239 0.967283 4.01571
8.80649e-005 0.000117861 1.11919 3.95043
8.86946e-005 0.000117651 1.24933 3.89993
8.88641e-005 0.00011758 1.17531 3.88583
8.89269e-005 0.000117557 1.21955 3.88068
8.98128e-005 0.000117469 1.4721 3.81209
8.98776e-005 0.000117454 1.34351 3.8069
9.01503e-005 0.000117419 1.44205 3.78544
9.02544e-005 0.00011741 1.48436 3.77724
9.03866e-005 0.000117378 1.32914 3.76656
9.05071e-005 0.000117355 1.38436 3.75691
9.12822e-005 0.000117041 1.18598 3.69102
9.24703e-005 0.000116386 1.06672 3.58279
9.34354e-005 0.000116041 1.22771 3.49936
9.37232e-005 0.000116 1.43133 3.47532
9.38054e-005 0.000115951 1.03189 3.46736
9.39693e-005 0.000115948 1.55078 3.45371
9.48721e-005 0.000116098 1.73521 3.37731
9.67541e-005 0.000117063 2.04467 3.19803
9.68478e-005 0.000117062 1.55597 3.18979
9.72229e-005 0.000116939 1.2546 3.15501
9.73105e-005 0.000116902 1.17723 3.14659
9.73432e-005 0.000116883 1.03228 3.1432
9.75006e-005 0.000116828 1.23697 3.12838
9.80846e-005 0.000116561 1.14119 3.07104
9.81821e-005 0.000116253 0.307136 3.04188
9.8295e-005 0.000115948 0.354075 3.01225
9.83132e-005 0.000115875 0.245017 3.00538
9.84016e-005 0.000115545 0.261562 2.97404
9.84337e-005 0.000115463 0.373936 2.96593
9.85229e-005 0.000115425 1.17054 2.95697
9.85248e-005 0.000115425 1.24427 2.95679
9.86862e-005 0.000115349 1.13391 2.94027
9.92498e-005 0.000115235 1.3698 2.88675
9.92535e-005 0.000115234 1.37399 2.88639
9.93332e-005 0.000115192 1.09208 2.87793
9.96204e-005 0.000115118 1.31787 2.84994
9.9695e-005 0.000115112 1.49143 2.84282
0.000100058 0.000115018 1.31705 2.80717
0.000100232 0.000115012 1.53445 2.79039
0.000100259 0.000115009 1.44714 2.78781
0.000100259 0.000115008 1.0672 2.78776
0.000101485 0.000114194 0.984321 2.64589
0.000101603 0.000114099 0.890205 2.63082
0.000101619 0.000114091 1.11178 2.62898
0.000102218 0.00011444 2.09892 2.55951
0.000102577 0.000114586 1.95781 2.52002
0.000102708 0.000114635 1.92719 2.50559
0.000102777 0.000114645 1.70808 2.49838
0.000102919 0.000114635 1.50063 2.48365
0.000103755 0.000114615 1.54658 2.39672
0.000103926 0.000114621 1.60991 2.37857
0.000104422 0.000114818 1.94894 2.3215
0.000104525 0.000114897 2.22072 2.30745
0.000104599 0.000114979 2.41024 2.29535
0.000104666 0.000115038 2.28575 2.28563
0.000104715 0.000115092 2.41131 2.2776
0.000105228 0.000115467 2.20188 2.20775
0.000105976 0.000115937 2.1312 2.10879
0.000106212 0.000115943 1.59928 2.08161
0.000106264 0.00011593 1.32237 2.07535
0.000106382 0.000115917 1.46288 2.06155
0.000107028 0.000115953 1.62668 1.98587
0.000107068 0.000116019 2.59277 1.97673
0.00010714 0.000116163 2.67528 1.95738
0.000107441 0.000116647 2.58535 1.8885
0.000107532 0.000116888 2.78127 1.85673
0.000107538 0.000116977 3.07567 1.84561
0.000107536 0.000116993 3.24885 1.84353
0.000107746 0.000117726 2.86286 1.74802
0.000107752 0.00011776 2.97973 1.74363
0.000107766 0.000118365 3.11723 1.66528
0.000107903 0.000118616 2.64425 1.62724
0.000108068 0.000119058 2.78408 1.56364
0.000108126 0.000119401 2.97221 1.51553
0.000108203 0.000119648 2.83985 1.47916
0.000108202 0.000119679 3.17079 1.47477
0.000108211 0.000119845 3.09048 1.45102
0.000108145 0.000119951 3.70037 1.433
0.000108117 0.000120015 3.54501 1.42298
0.000108037 0.000120247 3.47679 1.38721
0.000107841 0.000120466 3.87123 1.34385
0.000107182 0.000121098 3.94776 1.20663
0.000107162 0.000121158 3.46756 1.1964
0.000107012 0.000121289 3.99422 1.16464
0.000106921 0.000121339 4.21439 1.14779
0.00010671 0.000121505 4.04245 1.10388
0.000106669 0.00012153 4.18081 1.09595
0.000106578 0.000121536 4.64625 1.08061
0.000106452 0.000121522 4.82175 1.05929
0.00010618 0.000121428 5.04584 1.01038
0.000106176 0.000121426 5.15822 1.00961
0.000106098 0.000121379 5.25628 0.993738
0.000106017 0.000121314 5.38156 0.975509
0.000105826 0.000121339 4.58245 0.941399
0.000105776 0.000121329 4.91725 0.932291
0.000105703 0.000121325 4.76484 0.918979
0.000105669 0.000121331 4.53216 0.912707
0.000105582 0.000121207 5.67147 0.884968
0.00010548 0.000121173 5.03733 0.865154
0.000105448 0.000121166 4.91667 0.85904
0.000105393 0.000121161 4.80398 0.848643
0.000105095 0.000121151 4.7462 0.792449
0.000104958 0.000121159 4.65445 0.765803
0.000104818 0.000121096 5.13666 0.735659
0.000104804 0.000121093 4.89263 0.732858
0.000104747 0.000121076 4.99785 0.720826
0.000104659 0.000121086 4.60416 0.7032
0.000104621 0.000121082 4.8079 0.695409
0.000104222 0.000121038 4.82255 0.613461
0.000104221 0.000121038 4.28755 0.613303
0.000104221 0.00012104 3.38152 0.612944
0.000104208 0.000121042 4.54373 0.610198
0.000104101 0.000121029 4.83808 0.587334
0.00010398 0.000120989 5.02464 0.559836
0.000103945 0.000120956 5.47572 0.549305
0.000103938 0.000120945 5.72224 0.546432
0.000103936 0.000120886 6.25737 0.533631
0.0001039 0.000120757 6.00803 0.504036
0.000103797 0.000120661 5.46694 0.47265
0.000103789 0.000120598 6.15651 0.458452
0.000103762 0.000120502 6.00718 0.435873
0.000103759 0.000120492 6.041 0.433527
0.000103753 0.00012048 5.78756 0.43054
0.000103744 0.000120452 5.9826 0.423873
0.000103718 0.000120316 6.08921 0.392362
0.000103723 0.000120296 6.55016 0.387421
0.000103741 0.000120266 6.81251 0.379628
0.00010376 0.000120236 6.85615 0.371434
0.00010376 0.000120158 6.28025 0.353809
0.000103743 0.000120181 3.77593 0.347372
0.000103744 0.000120192 3.0883 0.344972
0.000103734 0.000120197 4.19786 0.342575
0.000103732 0.0001202 3.70223 0.34174
0.000103729 0.000120203 4.09952 0.340794
0.000103726 0.0001202 5.29498 0.339925
0.000103689 0.000120149 5.66203 0.325666
0.000103638 0.000120119 5.2355 0.31264
0.000103578 0.000120072 5.37768 0.2958
0.000103528 0.000120084 4.47616 0.284823
0.000103521 0.00012009 4.05838 0.282913
0.000103506 0.000120097 4.25074 0.279396
0.000103502 0.000120097 4.75069 0.278581
0.000103502 0.000120097 4.59176 0.278522
0.000103477 0.000120117 4.04715 0.271901
0.000103481 0.000120144 2.99812 0.266254
0.000103479 0.000120154 3.31625 0.264144
0.000103453 0.000120158 4.56279 0.258984
0.00010345 0.000120137 6.12766 0.254739
0.00010343 0.000120088 5.89152 0.244436
0.000103425 0.000120079 5.80478 0.242409
0.000103422 0.000120075 5.55479 0.241641
0.000103406 0.000120036 5.88102 0.23364
0.000103385 0.000120037 4.68295 0.23001
0.000103338 0.00012007 4.10151 0.219818
0.00010329 0.000120123 3.87797 0.207992
0.000103286 0.000120127 3.92454 0.207107
0.000103289 0.000120192 3.08922 0.197405
91
7.53e-005 0.001 0 10
7.53e-005 0.0002 0 10
7.53e-005 0.000199043 0 9.9631
7.54547e-005 0.000198005 0.147943 9.92252
7.55778e-005 0.000197734 0.426757 9.91098
7.7009e-005 0.000195057 0.490898 9.79313
7.71806e-005 0.000194716 0.467328 9.77821
7.75341e-005 0.000193795 0.366193 9.73949
7.75531e-005 0.000193736 0.314412 9.73708
7.74974e-005 0.000192717 -0.0545681 9.69693
7.74977e-005 0.000192624 0.00316972 9.69324
7.74852e-005 0.000192375 -0.0499251 9.6834
7.76564e-005 0.000190481 0.0901154 9.60825
7.76601e-005 0.000190272 0.0175496 9.59993
7.76751e-005 0.000189914 0.0421096 9.58571
7.6517e-005 0.000184759 -0.22099 9.37533
7.64692e-005 0.000183551 -0.0394817 9.32636
7.65874e-005 0.000182355 0.0984485 9.2775
7.65919e-005 0.000182245 0.0406916 9.27301
7.64651e-005 0.000181226 -0.123734 9.23108
7.6004e-005 0.000177887 -0.137236 9.09298
7.5542e-005 0.000175779 -0.215708 9.00352
7.54029e-005 0.000175326 -0.297819 8.98373
7.48997e-005 0.000175026 -1.03425 8.95924
7.45095e-005 0.000174819 -1.08341 8.94073
7.44707e-005 0.000174817 -1.51685 8.9391
6.90662e-005 0.00017333 -1.30222 8.70376
6.80717e-005 0.00017298 -1.23229 8.65859
6.8064e-005 0.000172965 -0.478336 8.65788
6.7476e-005 0.000171649 -0.420386 8.59591
6.63171e-005 0.000169669 -0.52935 8.49667
6.54758e-005 0.000168442 -0.600999 8.43176
6.2158e-005 0.000164939 -0.758249 8.22007
6.08967e-005 0.000163415 -0.691495 8.13162
6.07606e-005 0.000163313 -0.92762 8.12394
6.03663e-005 0.000163045 -0.973879 8.10244
5.99298e-005 0.000162722 -0.933833 8.07789
5.97798e-005 0.000162621 -0.97682 8.06969
5.95839e-005 0.000162505 -1.03836 8.05938
5.94419e-005 0.000162397 -0.920652 8.05128
5.94159e-005 0.000162385 -1.11986 8.04997
5.88849e-005 0.000162426 -1.64763 8.02577
5.65682e-005 0.000162754 -1.71179 7.91923
5.38283e-005 0.000163366 -1.79044 7.79012
5.26452e-005 0.000163807 -1.92768 7.73133
5.23916e-005 0.000163976 -2.15856 7.71706
5.23731e-005 0.000163991 -2.24859 7.71595
5.05872e-005 0.000165125 -2.13651 7.61674
5.03662e-005 0.000165461 -2.55965 7.5977
5.03358e-005 0.000165493 -2.38636 7.5956
4.99591e-005 0.000165694 -2.05963 7.57535
4.9394e-005 0.000166092 -2.18484 7.54248
4.86415e-005 0.000166482 -2.04856 7.50206
4.78554e-005 0.000166801 -1.95722 7.46142
4.68069e-005 0.000167435 -2.11434 7.40252
4.603e-005 0.000167974 -2.17738 7.35678
4.58462e-005 0.000168139 -2.30183 7.34479
4.55589e-005 0.000168506 -2.47816 7.32209
4.54523e-005 0.000168649 -2.4983 7.31342
4.3948e-005 0.000170475 -2.45248 7.19795
4.3397e-005 0.000170972 -2.30527 7.16129
4.33731e-005 0.000170982 -1.96496 7.16001
4.27081e-005 0.000171323 -2.04384 7.12297
4.24859e-005 0.000171413 -1.95901 7.11102
4.23833e-005 0.000171451 -1.92004 7.10558
4.22816e-005 0.000171473 -1.79036 7.10038
4.21928e-005 0.000171504 -1.89799 7.0957
4.17123e-005 0.000171529 -1.62283 7.07169
4.04076e-005 0.000171507 -1.55423 7.00639
4.03081e-005 0.000171509 -1.59128 7.00138
3.94659e-005 0.000171456 -1.50797 6.95884
3.85776e-005 0.000171462 -1.57708 6.91386
3.84197e-005 0.000171466 -1.5972 6.90582
3.71633e-005 0.000171603 -1.6793 6.84145
3.66099e-005 0.00017156 -1.49404 6.81299
3.30068e-005 0.000171621 -1.58772 6.62762
3.24207e-005 0.000171482 -1.33846 6.59601
3.11965e-005 0.000171323 -1.44127 6.53097
3.00458e-005 0.000171043 -1.33249 6.46813
2.96503e-005 0.000170841 -1.09756 6.44438
2.82765e-005 0.000170236 -1.15604 6.36394
2.7946e-005 0.000170083 -1.13631 6.34423
2.72113e-005 0.000170054 -1.53114 6.30436
2.54123e-005 0.000170172 -1.63655 6.20618
2.44987e-005 0.000170185 -1.58472 6.15584
2.40468e-005 0.00017023 -1.66973 6.13066
2.36048e-005 0.000170321 -1.77369 6.10558
2.30648e-005 0.000170517 -1.92053 6.07353
2.28493e-005 0.000170576 -1.83793 6.06103
2.28243e-005 0.000170579 -1.68813 6.05961
-0.00429452 0.001 -1.68813 6.05961
326
7.535e-005 0.001 0 10
7.535e-005 0.0002 0 10
7.535e-005 0.000198215 0 9.93116
7.53624e-005 0.000197803 0.0300522 9.91519
7.45904e-005 0.000192998 -0.15929 9.72633
7.43115e-005 0.000191979 -0.267344 9.68475
7.35013e-005 0.000190037 -0.395234 9.60161
7.30574e-005 0.000189065 -0.428479 9.55913
7.13693e-005 0.000186091 -0.51625 9.42267
7.10271e-005 0.000185526 -0.544876 9.39604
7.09165e-005 0.000185384 -0.660296 9.38874
7.0475e-005 0.00018471 -0.579577 9.35614
6.94129e-005 0.000182566 -0.459997 9.2591
6.89789e-005 0.000181603 -0.423573 9.21594
6.863e-005 0.000180342 -0.269833 9.16224
6.84137e-005 0.000179194 -0.186228 9.11411
6.81713e-005 0.000178165 -0.231435 9.07039
6.79795e-005 0.000177541 -0.29816 9.04329
6.7542e-005 0.000176261 -0.329406 8.98699
6.73052e-005 0.000175304 -0.242486 8.94575
6.73044e-005 0.000175301 -0.280283 8.94563
6.72916e-005 0.000175241 -0.20805 8.94304
6.71607e-005 0.000174606 -0.203444 8.91585
6.71311e-005 0.000174495 -0.259034 8.91099
6.71158e-005 0.000174445 -0.300571 8.90881
6.70859e-005 0.000174202 -0.122359 8.8985
6.70503e-005 0.000174046 -0.224109 8.89175
6.6945e-005 0.00017333 -0.146012 8.86125
6.6922e-005 0.000172419 -0.0252558 8.82275
6.69296e-005 0.000172262 0.0484605 8.81609
6.69942e-005 0.000172134 0.465247 8.80999
6.74153e-005 0.000171235 0.438438 8.76788
6.74491e-005 0.000171175 0.51039 8.76493
6.7985e-005 0.000170296 0.547305 8.72105
6.85818e-005 0.000169531 0.662757 8.67956
6.89431e-005 0.000168954 0.55904 8.65032
7.02619e-005 0.000167254 0.659832 8.55773
7.19958e-005 0.000165166 0.693178 8.43999
7.27047e-005 0.000163854 0.495161 8.37458
7.2764e-005 0.000163733 0.45714 8.36865
7.30475e-005 0.000163393 0.695123 8.34912
7.31402e-005 0.000163297 0.765303 8.34321
7.47388e-005 0.000161157 0.64168 8.22509
7.54376e-005 0.000160529 0.838512 8.18308
7.5632e-005 0.000160404 0.998605 8.17271
7.60424e-005 0.000160164 1.04297 8.15137
7.6412e-005 0.00016 1.15246 8.13316
7.78817e-005 0.0001593 1.12596 8.05977
7.87005e-005 0.00015898 1.19835 8.01987
7.93089e-005 0.000158305 0.734015 7.97849
7.94598e-005 0.000158104 0.644224 7.967
8.23229e-005 0.00015504 0.751385 7.77497
8.24499e-005 0.000154881 0.675189 7.7655
8.2557e-005 0.000154691 0.512432 7.75531
8.53864e-005 0.00015079 0.627586 7.5302
8.58632e-005 0.000149837 0.463603 7.47928
8.71297e-005 0.000147715 0.538241 7.3607
8.72209e-005 0.000147509 0.416893 7.34976
8.82033e-005 0.000146332 0.695475 7.27521
8.95111e-005 0.000144481 0.614933 7.16413
8.97617e-005 0.000144064 0.541466 7.14004
9.01254e-005 0.000143278 0.433515 7.09702
9.03007e-005 0.000142101 0.147783 7.0376
9.03529e-005 0.000141808 0.176553 7.02268
8.97612e-005 0.00014014 -0.34092 6.93367
8.97226e-005 0.000140057 -0.436006 6.92903
8.95357e-005 0.000139362 -0.262663 6.89247
8.8645e-005 0.000136673 -0.319887 6.74801
8.83929e-005 0.000136082 -0.403182 6.71471
8.83905e-005 0.000136077 -0.389395 6.7144
8.82203e-005 0.000135621 -0.357341 6.68909
8.81914e-005 0.000135523 -0.28708 6.68377
8.80016e-005 0.000135024 -0.363606 6.65593
8.7238e-005 0.000133262 -0.408919 6.55543
8.68516e-005 0.000132592 -0.5233 6.51451
8.60518e-005 0.000131451 -0.611299 6.44042
8.57674e-005 0.000130711 -0.366854 6.3979
8.55927e-005 0.000130424 -0.546753 6.3798
8.54674e-005 0.000130294 -0.766476 6.37005
8.47862e-005 0.000127708 -0.257608 6.22552
8.47823e-005 0.000127699 -0.409727 6.22498
8.47138e-005 0.000127477 -0.299309 6.21221
8.4488e-005 0.000127118 -0.561192 6.18886
8.44505e-005 0.000127002 -0.31367 6.18214
8.44031e-005 0.000126983 -1.19214 6.17932
8.35746e-005 0.000126767 -1.31481 6.13199
8.34638e-005 0.000126701 -1.03865 6.12484
8.33271e-005 0.000126634 -1.11424 6.11637
8.1913e-005 0.000125424 -0.862956 6.01273
8.18613e-005 0.00012537 -0.764096 6.00852
8.16926e-005 0.000125217 -0.834735 5.99567
8.15733e-005 0.000125132 -0.952033 5.9874
8.09806e-005 0.000124689 -0.928269 5.94552
8.07642e-005 0.000124551 -1.00568 5.93096
8.01962e-005 0.00012421 -1.02945 5.89321
7.92861e-005 0.000123872 -1.2149 5.83766
7.9153e-005 0.000123859 -1.47477 5.82995
7.79611e-005 0.000123806 -1.52681 5.76115
7.79413e-005 0.000123817 -2.04641 5.75986
7.76865e-005 0.00012384 -1.6612 5.74498
7.75925e-005 0.000123867 -1.85327 5.73927
7.59914e-005 0.000124532 -1.96467 5.63813
7.55575e-005 0.000124772 -2.07614 5.60883
7.54096e-005 0.000124841 -2.00665 5.59916
7.53869e-005 0.000124856 -2.13619 5.59756
7.51468e-005 0.000125042 -2.23063 5.57951
7.48847e-005 0.000125368 -2.46428 5.55461
7.46903e-005 0.000125716 -2.63257 5.53078
7.45713e-005 0.000125876 -2.50264 5.51882
7.43173e-005 0.000126541 -2.77667 5.47612
7.42289e-005 0.00012695 -2.92874 5.45085
7.41438e-005 0.000127616 -3.01442 5.41023
7.41163e-005 0.000127744 -2.92954 5.40227
7.40723e-005 0.000127864 -2.79014 5.39449
7.38622e-005 0.000128618 -2.87004 5.34671
7.37661e-005 0.000128888 -2.79918 5.32912
7.34256e-005 0.000130588 -2.9439 5.22242
7.29476e-005 0.00013203 -2.82152 5.12755
7.31601e-005 0.000133288 -3.30887 5.04677
7.31638e-005 0.000133435 -3.16722 5.03739
7.31717e-005 0.00013352 -3.23363 5.0319
7.31731e-005 0.000133527 -3.35225 5.03147
7.32095e-005 0.000133715 -3.33254 5.01916
7.37637e-005 0.000134475 -3.77206 4.95876
7.49172e-005 0.000136169 -3.73921 4.82589
7.49813e-005 0.000136223 -4.01746 4.82037
7.5461e-005 0.000136579 -4.07307 4.78084
7.65144e-005 0.000137688 -3.90149 4.6791
7.65744e-005 0.000137781 -3.71236 4.6716
7.67687e-005 0.000138285 -3.50995 4.63512
7.69233e-005 0.000138545 -3.6771 4.6145
7.70559e-005 0.000138915 -3.48575 4.5877
7.70865e-005 0.000138979 -3.58825 4.58284
7.71717e-005 0.000139299 -3.40191 4.56016
7.72068e-005 0.000139409 -3.44984 4.5522
7.72072e-005 0.000139411 -3.33108 4.55204
7.72866e-005 0.0001399 -3.30267 4.51796
7.7293e-005 0.000140076 -3.17767 4.5057
7.74496e-005 0.000140896 -3.33057 4.44783
7.74873e-005 0.00014102 -3.43544 4.43873
7.77175e-005 0.000141336 -3.77054 4.41129
7.77528e-005 0.000141406 -3.60945 4.40578
7.81391e-005 0.000142382 -3.51849 4.33179
7.82108e-005 0.000142532 -3.58801 4.31994
7.82874e-005 0.000142645 -3.73773 4.31018
7.83824e-005 0.000142822 -3.63381 4.29579
7.85142e-005 0.000143173 -3.50044 4.26886
7.85946e-005 0.000143382 -3.50947 4.25275
7.8718e-005 0.000143656 -3.56548 4.23105
7.87312e-005 0.000143679 -3.65463 4.22911
7.89875e-005 0.000144164 -3.62737 4.18928
7.91423e-005 0.000144325 -3.90859 4.17299
7.94298e-005 0.000144615 -3.92281 4.14309
7.95753e-005 0.000144799 -3.81132 4.12583
7.99361e-005 0.000145297 -3.76868 4.08044
8.0295e-005 0.000145809 -3.75287 4.03392
8.05257e-005 0.000146107 -3.80067 4.00567
8.11335e-005 0.000146802 -3.85972 3.93605
8.13093e-005 0.000146984 -3.91153 3.91678
8.1814e-005 0.000147591 -3.83478 3.85632
8.2665e-005 0.000148723 -3.78625 3.74674
8.29009e-005 0.000149043 -3.77718 3.71537
8.29503e-005 0.00014916 -3.54138 3.70529
8.29596e-005 0.00014917 -3.88823 3.7042
8.31021e-005 0.000149284 -4.0361 3.68966
8.31514e-005 0.000149303 -4.34854 3.68545
8.32931e-005 0.000149374 -4.24806 3.6728
8.33216e-005 0.000149387 -4.29378 3.6703
8.36351e-005 0.000149492 -4.38783 3.64382
8.41137e-005 0.000149598 -4.49486 3.60437
8.41164e-005 0.000149598 -4.69003 3.60415
8.43065e-005 0.000149635 -4.52027 3.58845
8.43947e-005 0.000149659 -4.44264 3.58101
8.45912e-005 0.000149723 -4.39895 3.56419
8.51137e-005 0.000149959 -4.28801 3.51734
8.52512e-005 0.000150041 -4.17513 3.50415
8.53106e-005 0.000150068 -4.28926 3.49876
8.6047e-005 0.000150575 -4.10906 3.42476
8.62111e-005 0.000150764 -3.8569 3.40376
8.63466e-005 0.000150874 -4.02832 3.38902
8.66203e-005 0.000151114 -3.9926 3.35823
8.81456e-005 0.000151942 -4.21522 3.21057
8.84527e-005 0.000152181 -4.05102 3.17643
8.85081e-005 0.000152218 -4.11832 3.17052
9.01843e-005 0.000152917 -4.31744 3.00986
9.07428e-005 0.000153067 -4.44994 2.95688
9.1023e-005 0.000153129 -4.49664 2.93029
9.1223e-005 0.000153143 -4.64213 2.91159
9.17797e-005 0.000153125 -4.74481 2.85942
9.2495e-005 0.000153198 -4.60965 2.79125
9.25068e-005 0.000153212 -3.84078 2.78949
9.25617e-005 0.00015332 -3.6122 2.77781
9.26063e-005 0.000153489 -3.40019 2.76098
9.26067e-005 0.000153494 -3.22472 2.76048
9.2583e-005 0.000153541 -2.67703 2.75534
9.22778e-005 0.000154099 -2.64099 2.69356
9.16646e-005 0.000154739 -2.3775 2.60618
9.16319e-005 0.000154779 -2.46057 2.60095
9.1588e-005 0.000154861 -2.64615 2.59163
9.12336e-005 0.000155663 -2.72567 2.50294
9.12294e-005 0.000155687 -2.96391 2.50043
9.10778e-005 0.000156103 -2.79265 2.45456
9.10136e-005 0.000156431 -2.94796 2.4196
9.10137e-005 0.000156675 -3.14218 2.39379
9.10374e-005 0.00015683 -3.29312 2.37709
9.10345e-005 0.000157144 -3.13226 2.34349
9.10337e-005 0.00015715 -2.99524 2.34289
9.10332e-005 0.0001572 -3.13269 2.33746
9.09092e-005 0.000157579 -2.82549 2.29434
9.08687e-005 0.000157656 -2.65366 2.2849
9.08439e-005 0.000157705 -2.67707 2.27882
9.0843e-005 0.00015771 -2.94373 2.27831
9.07544e-005 0.000158041 -2.88032 2.24064
9.07438e-005 0.000158141 -3.0359 2.22945
9.08442e-005 0.000158306 -3.69026 2.208
9.08741e-005 0.000158339 -3.87244 2.20299
9.08939e-005 0.000158368 -3.73446 2.199
9.0909e-005 0.000158397 -3.63034 2.19538
9.12124e-005 0.000158839 -3.74295 2.13508
9.15264e-005 0.000159223 -3.82741 2.07833
9.16403e-005 0.000159383 -3.75813 2.05542
9.16731e-005 0.000159488 -3.44469 2.04255
9.16534e-005 0.00015958 -2.93169 2.03148
9.16781e-005 0.000159662 -3.43308 2.02136
9.16808e-005 0.000159741 -3.17696 2.01207
9.16691e-005 0.000159889 -3.06213 1.99447
9.15459e-005 0.000160316 -2.86106 1.94137
9.15252e-005 0.000160421 -2.94736 1.92832
9.13948e-005 0.000160458 -1.84532 1.91182
9.12281e-005 0.000160498 -1.80296 1.89083
9.12145e-005 0.000160503 -1.95745 1.88902
9.11906e-005 0.000160519 -2.15137 1.88549
9.11e-005 0.00016056 -1.99372 1.87322
9.10985e-005 0.000160562 -2.55679 1.87287
9.10352e-005 0.000160648 -2.50925 1.85958
9.0194e-005 0.000160992 -1.95882 1.74635
9.00164e-005 0.000161139 -2.26201 1.71652
8.96434e-005 0.000162006 -2.73532 1.59316
8.96155e-005 0.00016206 -2.66373 1.58488
8.95874e-005 0.000162092 -2.41834 1.57905
8.94715e-005 0.000162313 -2.65927 1.54476
8.94548e-005 0.000162327 -2.27235 1.54171
8.9487e-005 0.000162443 -3.41232 1.52493
8.95494e-005 0.000162572 -3.5935 1.50494
8.95769e-005 0.000162693 -3.36475 1.48737
8.96026e-005 0.00016276 -3.50892 1.47721
8.95239e-005 0.000162903 -2.63737 1.45398
8.94341e-005 0.000163204 -2.85251 1.40866
8.93844e-005 0.000163297 -2.64831 1.39328
8.93508e-005 0.000163379 -2.75156 1.38026
8.91724e-005 0.000163607 -2.47856 1.33734
8.91141e-005 0.000163657 -2.2765 1.32579
8.88818e-005 0.000163991 -2.53355 1.2642
8.88704e-005 0.000164015 -2.69748 1.26008
8.88362e-005 0.000164121 -2.83172 1.24266
8.88382e-005 0.00016428 -3.15414 1.21782
8.88324e-005 0.000164305 -2.91504 1.21373
8.87473e-005 0.000164419 -2.50154 1.19111
8.87326e-005 0.000164431 -2.26532 1.18804
8.86525e-005 0.000164475 -2.07061 1.17339
8.85467e-005 0.00016461 -2.47609 1.1457
8.84679e-005 0.000164898 -2.87501 1.09676
8.84705e-005 0.000164954 -3.18848 1.08747
8.84744e-005 0.000164965 -3.48736 1.08552
8.85005e-005 0.000164995 -3.85143 1.07879
8.85095e-005 0.000165004 -3.94093 1.07667
8.87012e-005 0.000165139 -4.09848 1.03708
8.87256e-005 0.000165168 -3.83685 1.03055
8.88742e-005 0.000165252 -4.20084 1.00116
8.88836e-005 0.000165261 -3.94131 0.998856
8.89807e-005 0.000165313 -4.21608 0.979531
8.91385e-005 0.000165385 -4.28904 0.948944
8.92132e-005 0.000165452 -3.97735 0.930887
8.92252e-005 0.000165485 -3.48694 0.924493
8.92161e-005 0.000165504 -2.6971 0.920674
8.91792e-005 0.000165573 -2.65032 0.906429
8.88584e-005 0.000165707 -1.96458 0.842814
8.88523e-005 0.00016571 -2.08383 0.841505
8.87362e-005 0.000165821 -2.33528 0.811062
8.86426e-005 0.000165864 -2.00006 0.791294
8.86702e-005 0.000165892 -3.93086 0.783745
8.84551e-005 0.000166028 -2.13508 0.734143
8.83568e-005 0.000166046 -1.7537 0.714172
8.81925e-005 0.000165992 -1.25444 0.679268
8.81517e-005 0.000166015 -2.07142 0.669698
8.80241e-005 0.000166134 -2.32146 0.633676
8.79935e-005 0.000166194 -2.67502 0.619364
8.7983e-005 0.000166205 -2.36752 0.616186
8.79363e-005 0.000166232 -2.09635 0.604733
8.78946e-005 0.000166254 -2.04832 0.594721
8.7764e-005 0.00016638 -2.34071 0.555751
8.77345e-005 0.000166419 -2.48929 0.545145
8.75822e-005 0.000166465 -1.86681 0.510243
8.75327e-005 0.000166507 -2.2658 0.495913
8.75199e-005 0.000166521 -2.40397 0.491646
8.74995e-005 0.000166524 -1.7325 0.487019
8.74477e-005 0.000166509 -1.29022 0.474935
8.73207e-005 0.000166498 -1.48066 0.446232
8.72218e-005 0.000166526 -1.85282 0.422899
8.7195e-005 0.000166548 -2.25618 0.415012
8.71135e-005 0.00016658 -1.94624 0.395053
8.70944e-005 0.000166603 -2.43036 0.388378
8.70355e-005 0.00016662 -1.85071 0.374415
8.70288e-005 0.000166615 -0.991325 0.372609
8.69995e-005 0.000166572 -0.599465 0.360786
8.69434e-005 0.000166526 -0.885571 0.344371
8.69416e-005 0.000166515 -0.149472 0.341742
8.68583e-005 0.0001663 -0.36947 0.289894
8.68441e-005 0.000166279 -0.604048 0.284594
8.68491e-005 0.000166267 0.399614 0.281918
8.6871e-005 0.000166244 0.755147 0.275213
8.68711e-005 0.000166244 2.51765 0.275156
8.69394e-005 0.000166317 2.38854 0.254488
8.69447e-005 0.000166322 2.27617 0.253129
8.69902e-005 0.000166328 1.701 0.244188
8.70079e-005 0.000166301 0.579556 0.238095
8.69679e-005 0.000166249 -0.653838 0.226014
8.69304e-005 0.000166216 -0.860536 0.217484
8.69301e-005 0.000166216 -1.32605 0.217432
8.6899e-005 0.000166231 -2.00589 0.211847
8.68748e-005 0.000166228 -1.4721 0.208058
8.68711e-005 0.000166232 -2.32497 0.207282
8.68703e-005 0.000166238 -3.02619 0.206366
8.68722e-005 0.000166247 -3.33135 0.204925
8.68677e-005 0.000166273 -2.96566 0.201148
8.69191e-005 0.000166297 -4.27042 0.193147
103
7.54e-005 0.001 0 10
7.54e-005 0.0002 0 10
7.54e-005 0.000195496 0 9.82634
7.5552e-005 0.000193554 0.0781322 9.75022
7.4526e-005 0.000190884 -0.366944 9.63781
7.44166e-005 0.000190552 -0.318528 9.62396
7.42409e-005 0.000190194 -0.456399 9.60813
7.35669e-005 0.000189078 -0.543154 9.5563
7.26121e-005 0.000187704 -0.60724 9.48952
7.16789e-005 0.000187056 -0.964104 9.44394
7.14395e-005 0.000186932 -1.09163 9.43308
7.06868e-005 0.000186507 -1.05702 9.39824
7.05048e-005 0.000186334 -0.810836 9.38809
7.01844e-005 0.000186113 -0.967189 9.37235
6.83307e-005 0.000184149 -0.756362 9.26295
6.81175e-005 0.000183885 -0.680723 9.2491
6.80492e-005 0.000183772 -0.540877 9.24367
6.7267e-005 0.000182357 -0.504987 9.17749
6.71704e-005 0.000182216 -0.602244 9.17048
6.69358e-005 0.000181914 -0.659603 9.15471
6.65507e-005 0.000181441 -0.683371 9.12957
6.53287e-005 0.000180097 -0.738072 9.05452
6.46185e-005 0.000179162 -0.649524 9.0057
6.45468e-005 0.000179058 -0.603812 9.00043
6.42156e-005 0.000178778 -0.868966 8.98232
6.40954e-005 0.000178683 -0.901256 8.9759
6.39334e-005 0.000178353 -0.455924 8.9605
6.34707e-005 0.000176639 -0.263676 8.88612
6.34167e-005 0.000176391 -0.214725 8.87542
6.34054e-005 0.000176288 -0.108623 8.87103
6.20367e-005 0.000170747 -0.242175 8.63002
6.18702e-005 0.000170254 -0.326028 8.60761
6.18474e-005 0.000170191 -0.34634 8.60471
6.12118e-005 0.00016829 -0.322632 8.5181
6.10031e-005 0.000167728 -0.355341 8.49197
6.09208e-005 0.000167478 -0.318848 8.48052
6.04464e-005 0.000165408 -0.225323 8.38775
6.04271e-005 0.000165308 -0.188749 8.38323
6.03399e-005 0.000165033 -0.307166 8.37051
6.01636e-005 0.000164777 -0.603099 8.35681
5.89966e-005 0.000163333 -0.679912 8.27481
5.78853e-005 0.000162164 -0.759981 8.20303
5.7047e-005 0.000161433 -0.853731 8.15321
5.6562e-005 0.000161034 -0.881621 8.12493
5.51633e-005 0.000159663 -0.795569 8.03659
5.51011e-005 0.000159613 -0.890815 8.03295
5.39375e-005 0.000158856 -0.993934 7.96978
5.38245e-005 0.000158776 -0.960054 7.96347
5.37307e-005 0.000158949 -2.64442 7.95446
5.31346e-005 0.000159926 -2.59376 7.902
5.24909e-005 0.000160847 -2.53154 7.85024
5.22015e-005 0.000161245 -2.51217 7.82748
5.17709e-005 0.000162015 -2.63181 7.78655
5.17139e-005 0.000162167 -2.78236 7.77899
5.14643e-005 0.000162702 -2.70513 7.75147
5.12932e-005 0.000164124 -3.02186 7.68452
5.12653e-005 0.000164283 -2.9675 7.67694
5.12372e-005 0.000164359 -2.79037 7.6731
5.10154e-005 0.000165121 -2.85803 7.63576
5.04881e-005 0.000167251 -2.89896 7.53203
5.00735e-005 0.000168281 -2.75894 7.47902
5.07307e-005 0.000169206 -3.75915 7.42455
5.15858e-005 0.000170424 -3.75384 7.35274
5.17915e-005 0.00017077 -3.67789 7.33317
5.18885e-005 0.000171003 -3.53658 7.32089
5.19722e-005 0.000171175 -3.59304 7.31154
5.26374e-005 0.000173013 -3.489 7.21616
5.29662e-005 0.000174488 -3.36084 7.14165
5.31528e-005 0.000175106 -3.43485 7.10957
5.35308e-005 0.000175989 -3.54604 7.0617
5.35436e-005 0.000176021 -3.52287 7.05997
5.36238e-005 0.000176306 -3.41577 7.04513
5.36933e-005 0.000177144 -3.22425 7.00294
5.367e-005 0.000178006 -3.11469 6.95946
5.36716e-005 0.000178178 -3.15075 6.95076
5.36207e-005 0.000179388 -3.09948 6.8894
5.35871e-005 0.000179525 -2.90116 6.88222
5.33152e-005 0.000180411 -2.84404 6.83486
5.25904e-005 0.000182221 -2.76063 6.73482
5.06638e-005 0.00018575 -2.64186 6.52625
4.99699e-005 0.000186862 -2.58357 6.45666
4.99646e-005 0.000186871 -2.62878 6.45608
4.93861e-005 0.000188202 -2.73158 6.37841
4.91617e-005 0.000189452 -2.96398 6.30984
4.91385e-005 0.000190474 -3.11889 6.25417
4.9122e-005 0.000190543 -2.90723 6.25028
4.88745e-005 0.000191358 -2.84667 6.20362
4.88707e-005 0.000191937 -3.13493 6.17174
4.90069e-005 0.00019276 -3.30559 6.12557
4.91012e-005 0.000193137 -3.38663 6.10395
4.91423e-005 0.000193423 -3.28431 6.08783
4.91461e-005 0.000193471 -3.21842 6.08512
4.91188e-005 0.000193594 -2.92278 6.07809
4.79881e-005 0.000195912 -2.68771 5.93384
4.75209e-005 0.000196339 -2.3114 5.89779
4.74608e-005 0.000196405 -2.4033 5.89268
4.64909e-005 0.000197273 -2.30077 5.81821
4.59058e-005 0.000197862 -2.3599 5.77025
4.52507e-005 0.000198692 -2.47299 5.70884
4.52418e-005 0.000198785 -3.04721 5.70333
4.52648e-005 0.000198902 -3.33659 5.69637
4.54402e-005 0.000199954 -3.30682 5.63383
0.000128426 0.001 -3.30682 5.63383
71
7.545e-005 0.001 0 10
7.545e-005 0.0002 0 10
7.545e-005 0.000199904 0 9.9963
7.53875e-005 0.000198747 -0.0539331 9.95161
7.41654e-005 0.000195137 -0.32646 9.80414
7.38578e-005 0.000193401 -0.175284 9.73511
7.24622e-005 0.000190726 -0.480896 9.61638
7.2066e-005 0.000190157 -0.60839 9.58884
7.19528e-005 0.000189916 -0.439036 9.57824
7.1045e-005 0.000188875 -0.717423 9.52323
7.08454e-005 0.000188609 -0.643526 9.50992
7.07853e-005 0.000188545 -0.754731 9.5064
7.05686e-005 0.000188347 -0.830737 9.49464
7.04557e-005 0.000188227 -0.75402 9.48803
7.00428e-005 0.000187492 -0.511559 9.45418
7.00149e-005 0.000187453 -0.61852 9.45225
6.91311e-005 0.000186379 -0.688797 9.39629
6.83588e-005 0.000185717 -0.861774 9.35515
6.68854e-005 0.000184889 -1.05909 9.28661
6.56315e-005 0.000184272 -1.11315 9.2296
6.49274e-005 0.00018398 -1.17785 9.19837
6.09732e-005 0.000182185 -1.14466 9.01996
5.70709e-005 0.000180516 -1.16674 8.84299
5.60504e-005 0.000180003 -1.10494 8.79464
5.54011e-005 0.000179566 -0.978569 8.76138
5.03426e-005 0.000177047 -1.1088 8.5205
4.98344e-005 0.000176822 -1.15385 8.49631
4.93086e-005 0.000176533 -1.06735 8.47012
4.79127e-005 0.000175723 -1.04533 8.39957
4.6946e-005 0.000174931 -0.884177 8.34457
4.67999e-005 0.000174852 -1.07707 8.33723
4.48662e-005 0.000173201 -0.863924 8.2247
4.44401e-005 0.000173058 -1.24848 8.20462
4.40848e-005 0.000172899 -1.14823 8.18717
4.39159e-005 0.000172832 -1.19328 8.17902
4.27998e-005 0.000172447 -1.23886 8.12603
4.21943e-005 0.000172263 -1.27592 8.09748
4.14556e-005 0.000171989 -1.2157 8.06184
4.13493e-005 0.000171965 -1.34438 8.0569
3.89143e-005 0.000172913 -1.94211 7.93826
3.79317e-005 0.000173452 -2.07234 7.88681
3.74942e-005 0.000173608 -1.91373 7.86538
3.72723e-005 0.000173706 -1.98742 7.85416
3.71345e-005 0.000173775 -2.03458 7.84704
3.68389e-005 0.000173889 -1.93973 7.83236
3.53493e-005 0.000174443 -1.92693 7.75866
3.47138e-005 0.000174875 -2.16716 7.72279
3.45839e-005 0.000174988 -2.2887 7.71471
3.39259e-005 0.000175909 -2.52128 7.66162
3.37435e-005 0.000176171 -2.53299 7.64658
3.30827e-005 0.000177655 -2.72282 7.56986
3.25279e-005 0.000179299 -2.81601 7.48735
3.23742e-005 0.000179585 -2.64853 7.47177
3.21029e-005 0.000180003 -2.56617 7.44783
3.20233e-005 0.000180109 -2.497 7.44145
3.12654e-005 0.000181327 -2.58489 7.37234
3.11516e-005 0.000181549 -2.66774 7.36024
3.06736e-005 0.0001826 -2.71473 7.30416
2.85429e-005 0.000185244 -2.4634 7.13826
2.79924e-005 0.000186071 -2.5539 7.08891
2.74956e-005 0.000187167 -2.71624 7.02878
2.6807e-005 0.000189103 -2.7998 6.92551
2.65278e-005 0.000189755 -2.73701 6.88946
2.64351e-005 0.000190082 -2.86518 6.87213
2.63922e-005 0.000190734 -3.07583 6.83875
2.63875e-005 0.000191456 -3.13512 6.80169
2.63839e-005 0.000191508 -3.07352 6.79901
2.63231e-005 0.000191742 -2.88706 6.78656
2.54904e-005 0.000192318 -2.17636 6.73431
2.47043e-005 0.000193047 -2.31819 6.6787
-0.000718907 0.001 -2.31819 6.6787
6
-0.001 0
0 0
2.5e-005 0.0002
0.000125 0.0002
0.00015 0
0.001 0
