14
28
2.33
1
108
1.5e-005 0.001 0 10
1.5e-005 2e-005 0 10
1.5e-005 1.95252e-005 0 9.98169
1.50146e-005 1.91374e-005 0.0377456 9.96671
1.48574e-005 1.68802e-005 -0.0695617 9.87925
1.45385e-005 1.5511e-005 -0.228815 9.82454
1.43832e-005 1.41039e-005 -0.109934 9.76922
1.43859e-005 1.36795e-005 0.00644762 9.75257
1.45256e-005 1.15236e-005 0.064718 9.66766
1.45636e-005 1.12879e-005 0.159649 9.65822
1.4895e-005 7.32878e-006 0.0835151 9.50093
1.49188e-005 6.76572e-006 0.0421878 9.47834
1.49228e-005 5.95425e-006 0.00498739 9.44575
1.49986e-005 4.97031e-006 0.0768555 9.40602
1.5103e-005 3.13945e-006 0.0569706 9.33194
1.51496e-005 2.82929e-006 0.149257 9.31919
1.5286e-005 2.39753e-006 0.305946 9.30077
1.54339e-005 1.72739e-006 0.217185 9.27282
1.6088e-005 6.70768e-007 0.554285 9.22207
1.63967e-005 2.50644e-007 0.633806 9.20069
1.52756e-005 -6.62274e-007 -0.887427 9.1413
1.44126e-005 -1.32559e-006 -0.915471 9.09637
1.33242e-005 -2.32656e-006 -0.827233 9.03511
1.32992e-005 -2.34676e-006 -0.890482 9.03377
1.32484e-005 -2.38244e-006 -0.958445 9.03118
9.767e-006 -4.3733e-006 -1.05133 8.86411
9.52837e-006 -4.50295e-006 -1.07312 8.85264
8.30847e-006 -5.21081e-006 -1.04502 8.79299
7.2006e-006 -6.07048e-006 -0.910885 8.73338
6.89205e-006 -6.28536e-006 -0.962469 8.71731
6.65164e-006 -6.55318e-006 -0.73152 8.70191
6.13565e-006 -6.96966e-006 -0.891711 8.6735
6.00764e-006 -7.08781e-006 -0.825451 8.66602
4.05666e-006 -9.54127e-006 -0.671804 8.5313
8.73674e-007 -1.40256e-005 -0.617276 8.29214
6.59721e-007 -1.43037e-005 -0.655725 8.27655
-2.97116e-007 -1.5721e-005 -0.593812 8.20047
-1.22909e-006 -1.68417e-005 -0.693722 8.13516
-1.41774e-006 -1.72429e-005 -0.439543 8.11518
-1.90169e-006 -1.75616e-005 -0.988447 8.08902
-2.16138e-006 -1.78245e-005 -0.779347 8.07229
-2.27426e-006 -1.79468e-005 -0.745169 8.06474
-2.28331e-006 -1.79554e-005 -0.813246 8.06418
-3.01413e-006 -1.84658e-005 -0.961127 8.02373
-3.56651e-006 -1.89979e-005 -0.804111 7.98881
-4.39888e-006 -1.99928e-005 -0.696676 7.92954
-4.91451e-006 -2.05119e-005 -0.782074 7.89592
-5.42496e-006 -2.0959e-005 -0.851466 7.86464
-7.02778e-006 -2.26926e-005 -0.746218 7.75549
-7.5061e-006 -2.3043e-005 -0.938551 7.72779
-4.87715e-006 -2.32791e-005 1.48123 7.60416
-4.03044e-006 -2.31038e-005 1.77494 7.56316
-2.55346e-006 -2.30618e-005 1.59919 7.49283
-1.59138e-006 -2.30541e-005 1.57883 7.44671
-1.05056e-006 -2.30159e-005 1.64134 7.42061
2.44034e-007 -2.27969e-005 1.73838 7.35722
2.68665e-007 -2.27901e-005 1.83808 7.35598
1.40549e-006 -2.244e-005 1.8696 7.29817
3.47343e-006 -2.15125e-005 1.9924 7.18738
4.88453e-006 -2.07056e-005 2.09023 7.10702
5.95006e-006 -2.02259e-005 1.99382 7.04876
6.22536e-006 -2.01488e-005 1.84403 7.03442
6.33065e-006 -2.00959e-005 2.03636 7.0285
6.50225e-006 -1.99949e-005 2.10279 7.01849
6.63898e-006 -1.97305e-005 2.66423 7.00352
6.67157e-006 -1.96743e-005 2.6163 7.00024
6.77831e-006 -1.93694e-005 2.80488 6.98395
7.75863e-006 -1.79685e-005 2.531 6.8976
8.11752e-006 -1.72545e-005 2.6758 6.85687
8.46392e-006 -1.63482e-005 2.77655 6.80719
8.48013e-006 -1.62594e-005 2.96089 6.80255
8.57618e-006 -1.58929e-005 2.88533 6.78304
8.9108e-006 -1.50363e-005 2.76916 6.73558
9.15508e-006 -1.45206e-005 2.69925 6.70598
9.29761e-006 -1.42951e-005 2.57797 6.69209
9.363e-006 -1.42001e-005 2.53873 6.68608
9.59061e-006 -1.37851e-005 2.63996 6.66139
9.6284e-006 -1.31786e-005 3.07936 6.62961
9.60506e-006 -1.26738e-005 3.18781 6.60309
9.36995e-006 -1.23779e-005 3.8131 6.5832
9.3308e-006 -1.23332e-005 3.86073 6.58006
7.53194e-006 -1.08607e-005 4.02641 6.45737
7.3464e-006 -1.07337e-005 4.11218 6.44534
7.17144e-006 -1.0601e-005 4.06342 6.43357
6.59874e-006 -1.01976e-005 4.09873 6.39598
5.75608e-006 -9.3127e-006 3.90256 6.33014
5.28505e-006 -8.2887e-006 3.57272 6.26893
5.14042e-006 -7.94091e-006 3.5357 6.24833
4.38227e-006 -6.57945e-006 3.64969 6.1629
4.01589e-006 -5.8565e-006 3.61065 6.11802
3.91462e-006 -5.62529e-006 3.55443 6.10397
3.38991e-006 -5.33315e-006 4.20437 6.07048
3.24689e-006 -5.22479e-006 4.06401 6.06043
2.02051e-006 -4.34695e-006 4.09113 5.97588
8.92725e-007 -3.78978e-006 4.25352 5.90463
5.54888e-007 -3.66672e-006 4.36307 5.88409
3.38483e-007 -3.60829e-006 4.44868 5.87125
-1.80934e-006 -2.19587e-006 4.13069 5.72377
-1.96809e-006 -2.00038e-006 3.82363 5.70905
-2.04547e-006 -1.91502e-006 3.87796 5.7023
-2.25368e-006 -1.35727e-006 3.49887 5.66741
-2.25715e-006 -1.35018e-006 3.59723 5.66695
-2.43478e-006 -1.11309e-006 3.7846 5.64951
-2.67114e-006 -8.98596e-007 3.97544 5.63068
-3.07421e-006 -5.02754e-007 3.93604 5.59726
-3.2963e-006 -1.5697e-007 3.71252 5.57285
-3.36756e-006 -7.39167e-008 3.85072 5.56633
-0.000716553 0.001 3.85072 5.56633
6
-0.001 0
0 0
0 2e-005
2e-005 2e-005
2e-005 0
0.001 0
