13
27
2.7
1
14
-2.02254e-007 0.001 -1.46946e-007 0 0 10
-2.02254e-007 0 0 0 0 10
-4.19391e-007 -9.11707e-007 -1.08568e-007 0.122785 2.87611 9.95996
-5.16577e-007 -1.76268e-006 -2.43797e-007 -0.048079 6.15318 9.9211
-5.26934e-007 -1.79863e-006 -5.47035e-009 0.0716593 9.20436 9.9195
-5.35025e-007 -1.91219e-006 2.07579e-009 0.1329 12.79 9.91452
-3.23652e-007 -2.39801e-006 3.17802e-008 0.297364 13.2431 9.89227
-2.79448e-007 -2.46467e-006 -2.63951e-008 1.08133 18.1667 9.88765
-2.54323e-007 -2.47928e-006 -1.18962e-008 1.03796 21.4382 9.88616
-2.94188e-007 -2.50603e-006 -1.74767e-008 1.10752 26.6493 9.8837
-2.90382e-007 -2.53945e-006 -7.49406e-008 1.06036 31.316 9.8804
-2.57209e-007 -2.57026e-006 -7.91888e-009 1.21153 34.8445 9.87815
-7.10336e-005 -0.00010133 9.01524e-005 2.77159 38.53 4.47895
-7.10285e-005 -0.00010131 -1.17289e-008 2.62834 43.278 4.47725
-7.10203e-005 -0.000101292 -8.87506e-009 2.56252 47.6739 4.47556


