-0.0001 50 50 0.00025
0 3 10 0.1
0.215 0.195 0.185 0.2 0.115 0.23 0.205 0.22 0.22 0.185 0.16 0.185 0.11 0.125 0.125 0.195 0.21 0.255 0.47 0.435 0.445 0.55 0.435 0.41 0.465 0.495 0.475 0.465 0.475 0.54 0.545 0.425 0.385 0.27 0.285 0.225 0.14 0.12 0.14 0.155 0.165 0.23 0.195 0.19 0.205 0.23 0.195 0.195 0.195 0.215 
0.18 0.175 0.18 0.165 0.21 0.18 0.195 0.165 0.19 0.205 0.115 0.22 0.17 0.125 0.125 0.225 0.245 0.25 0.325 0.47 0.545 0.54 0.46 0.495 0.485 0.41 0.53 0.46 0.475 0.445 0.52 0.49 0.375 0.27 0.315 0.225 0.09 0.125 0.125 0.2 0.155 0.155 0.195 0.16 0.195 0.17 0.175 0.225 0.185 0.215 
0.255 0.255 0.24 0.21 0.21 0.21 0.15 0.195 0.23 0.235 0.155 0.13 0.12 0.105 0.125 0.205 0.255 0.255 0.395 0.46 0.43 0.435 0.465 0.455 0.49 0.425 0.47 0.53 0.49 0.56 0.465 0.455 0.335 0.26 0.205 0.235 0.145 0.175 0.195 0.15 0.155 0.21 0.18 0.215 0.17 0.21 0.175 0.17 0.2 0.185 
14 28 2.33
200
6
-0.001 0
0 0
2.5e-005 0.0002
0.000125 0.0002
0.00015 0
0.001 0
0 0 0 1 37
