-0.0001 50 50 0.00025
0 4 10 0.1
0.525 0.43 0.47 0.44 0.5 0.44 0.48 0.45 0.395 0.43 0.42 0.44 0.415 0.37 0.32 0.415 0.505 0.51 0.67 0.64 0.535 0.44 0.535 0.495 0.52 0.5 0.515 0.48 0.425 0.57 0.595 0.61 0.725 0.485 0.46 0.455 0.395 0.39 0.45 0.46 0.35 0.475 0.46 0.455 0.51 0.465 0.47 0.445 0.455 0.355 
0.495 0.495 0.44 0.48 0.445 0.44 0.45 0.43 0.505 0.53 0.465 0.49 0.45 0.375 0.295 0.435 0.455 0.585 0.75 0.58 0.53 0.49 0.43 0.48 0.53 0.46 0.5 0.445 0.49 0.47 0.505 0.585 0.66 0.48 0.54 0.525 0.38 0.335 0.465 0.48 0.405 0.43 0.49 0.445 0.525 0.445 0.485 0.44 0.465 0.5 
0.465 0.43 0.48 0.455 0.44 0.5 0.425 0.395 0.435 0.455 0.425 0.49 0.405 0.47 0.38 0.455 0.46 0.495 0.745 0.61 0.535 0.62 0.46 0.555 0.505 0.505 0.555 0.49 0.49 0.405 0.575 0.645 0.7 0.485 0.46 0.505 0.42 0.475 0.5 0.485 0.43 0.465 0.495 0.475 0.415 0.435 0.47 0.47 0.515 0.46 
0.505 0.485 0.45 0.44 0.45 0.42 0.395 0.44 0.49 0.38 0.46 0.495 0.48 0.385 0.36 0.435 0.44 0.49 0.65 0.615 0.53 0.48 0.53 0.59 0.505 0.535 0.59 0.465 0.49 0.5 0.525 0.63 0.725 0.485 0.54 0.54 0.38 0.46 0.48 0.4 0.42 0.42 0.43 0.42 0.455 0.475 0.51 0.45 0.41 0.425 
47 107.868 10.5
200
6
-0.001 0
0 0
2.5e-005 0.0002
0.000125 0.0002
0.00015 0
0.001 0
0 0 0 1 85
